log iostat from 200324
/home/kau/jwbang/200320/out_mod8_iostat.txt

Linux 5.2.8200225+ (knl03.kisti.re.kr) 	2020년 03월 24일 	_x86_64_	(68 CPU)

                CPU     %user     %nice   %system   %iowait    %steal     %idle
                all      0.13      0.00      0.32      0.00      0.00     99.54
                all      0.07      0.00      0.25      0.59      0.00     99.09
                all      0.04      0.00      0.24      1.47      0.00     98.25
                all      0.06      0.00      0.22      1.46      0.00     98.26
                all      0.04      0.00      0.31      1.43      0.00     98.22
                all      0.07      0.00      0.44      1.03      0.00     98.45
                all      0.06      0.00      0.29      0.10      0.00     99.54
                all      0.10      0.00      0.31      0.01      0.00     99.57
                all      0.22      0.00      0.57      0.01      0.00     99.19
                all      0.06      0.00      0.22      0.00      0.00     99.72
                all      0.04      0.00      0.24      0.00      0.00     99.72
start----
                all      0.12      0.00      0.38      0.03      0.00     99.47
                all      0.32      0.00      4.31      0.10      0.00     95.26
end------
                all      0.21      0.00      0.83      0.00      0.00     98.96
                all      0.44      0.00      1.78      0.00      0.00     97.78
                all      0.46      0.00      1.77      0.28      0.00     97.49
start----
                all      0.52      0.00      2.31      0.07      0.00     97.10
                all      0.18      0.00      3.46      0.03      0.00     96.34
end------
                all      0.25      0.00      0.97      0.00      0.00     98.78
                all      0.42      0.00      1.82      0.00      0.00     97.76
                all      0.42      0.00      1.80      0.28      0.00     97.51
start----
                all      0.46      0.00      3.85      0.06      0.00     95.63
                all      0.13      0.00      1.65      0.00      0.00     98.21
end------
                all      0.36      0.00      1.42      0.00      0.00     98.23
                all      0.40      0.00      1.81      0.00      0.00     97.79
                all      0.46      0.00      1.79      0.01      0.00     97.73
start----
                all      0.43      0.00      5.33      0.09      0.00     94.15
                all      0.21      0.00      3.58      0.03      0.00     96.18
end------
                all      0.25      0.00      1.04      0.00      0.00     98.71
                all      0.44      0.00      1.78      0.00      0.00     97.78
                all      0.43      0.00      1.77      0.01      0.00     97.79
start----
                all      0.49      0.00      3.85      0.07      0.00     95.59
                all      0.22      0.00      5.31      0.01      0.00     94.46
end------
                all      0.19      0.00      0.80      0.00      0.00     99.01
                all      0.46      0.00      1.78      0.00      0.00     97.76
                all      0.47      0.00      1.81      0.00      0.00     97.72
start----
                all      0.53      0.00      2.27      0.07      0.00     97.13
                all      0.24      0.00      7.13      0.04      0.00     92.59
end------
                all      0.13      0.00      0.49      0.00      0.00     99.38
                all      0.42      0.00      1.79      0.00      0.00     97.79
                all      0.47      0.00      1.80      0.00      0.00     97.73
start----
                all      0.46      0.00      1.59      0.01      0.00     97.94
                all      0.40      0.00     10.87      0.09      0.00     88.64
                all      0.18      0.00      4.60      0.00      0.00     95.22
end------
                all      0.18      0.00      0.85      0.00      0.00     98.98
                all      0.43      0.00      1.79      0.00      0.00     97.78
                all      0.46      0.00      1.78      0.28      0.00     97.48
start----
                all      0.46      0.00      2.93      0.07      0.00     96.53
                all      0.22      0.00     11.94      0.00      0.00     87.84
                all      0.15      0.00      1.95      0.01      0.00     97.88
end------
                all      0.31      0.00      1.26      0.00      0.00     98.43
                all      0.42      0.00      1.82      0.00      0.00     97.76
                all      0.43      0.00      1.82      0.28      0.00     97.46
start----
                all      0.44      0.00      4.96      0.09      0.00     94.51
                all      0.27      0.00     11.40      0.00      0.00     88.33
                all      0.06      0.00      0.12      0.01      0.00     99.81
end------
                all      0.40      0.00      1.62      0.00      0.00     97.97
                all      0.43      0.00      1.79      0.00      0.00     97.78
                all      0.46      0.00      1.78      0.00      0.00     97.76
start----
                all      0.40      0.00      7.39      0.10      0.00     92.10
                all      0.25      0.00     11.96      0.00      0.00     87.79
                all      0.24      0.00     11.72      0.00      0.00     88.05
                all      0.09      0.00      0.22      0.01      0.00     99.68
end------
                all      0.27      0.00      1.16      0.00      0.00     98.57
                all      0.49      0.00      1.76      0.00      0.00     97.75
                all      0.44      0.00      1.81      0.00      0.00     97.75
start----
                all      0.41      0.00      4.84      0.09      0.00     94.66
                all      0.16      0.00     12.00      0.00      0.00     87.84
                all      0.28      0.00     11.87      0.00      0.00     87.85
                all      0.19      0.00      2.61      0.01      0.00     97.18
end------
                all      0.18      0.00      0.77      0.00      0.00     99.05
                all      0.44      0.00      1.78      0.00      0.00     97.78
                all      0.44      0.00      1.79      0.00      0.00     97.76
start----
                all      0.53      0.00      2.49      0.09      0.00     96.89
                all      0.10      0.00     12.08      0.00      0.00     87.82
                all      0.33      0.00     11.85      0.00      0.00     87.83
                all      0.16      0.00      5.39      0.01      0.00     94.43
end------
                all      0.18      0.00      0.77      0.00      0.00     99.05
                all      0.44      0.00      1.78      0.00      0.00     97.78
                all      0.45      0.00      1.77      0.28      0.00     97.51
start----
                all      0.64      0.00      2.74      0.12      0.00     96.50
                all      0.28      0.00     10.31      0.01      0.00     89.40
end------
                all      0.18      0.00      0.74      0.00      0.00     99.08
                all      0.42      0.00      1.79      0.00      0.00     97.79
                all      0.44      0.00      1.76      0.00      0.00     97.79
start----
                all      0.68      0.00      2.86      0.12      0.00     96.34
                all      0.78      0.00     10.66      0.03      0.00     88.53
end------
                all      0.18      0.00      0.73      0.00      0.00     99.10
                all      0.43      0.00      1.79      0.00      0.00     97.78
                all      0.46      0.00      1.75      0.00      0.00     97.79
start----
                all      0.58      0.00      2.34      0.10      0.00     96.98
                all      0.35      0.00     10.78      0.01      0.00     88.86
end------
                all      0.18      0.00      0.67      0.00      0.00     99.16
                all      0.44      0.00      1.78      0.00      0.00     97.78
                all      0.43      0.00      1.78      0.00      0.00     97.79
start----
                all      0.67      0.00      2.46      0.09      0.00     96.78
                all      0.37      0.00     20.97      0.01      0.00     78.64
                all      0.00      0.00      0.07      0.00      0.00     99.93
end------
                all      0.44      0.00      1.62      0.00      0.00     97.94
                all      0.47      0.00      1.75      0.13      0.00     97.64
                all      0.50      0.00      1.81      0.15      0.00     97.54
start----
                all      0.68      0.00     15.08      0.12      0.00     84.12
                all      0.19      0.00      7.44      0.01      0.00     92.35
end------
                all      0.22      0.00      0.89      0.00      0.00     98.89
                all      0.43      0.00      1.79      0.00      0.00     97.78
                all      0.47      0.00      1.77      0.27      0.00     97.49
start----
                all      0.65      0.00      5.60      0.12      0.00     93.63
                all      0.33      0.00     17.60      0.03      0.00     82.04
end------
                all      0.04      0.00      0.13      0.00      0.00     99.82
                all      0.47      0.00      1.73      0.00      0.00     97.79
                all      0.47      0.00      1.76      0.25      0.00     97.51
                all      0.47      0.00      1.75      0.00      0.00     97.78
start----
                all      0.46      0.00     18.04      0.09      0.00     81.42
                all      0.33      0.00     23.76      0.00      0.00     75.91
                all      0.16      0.00      1.19      0.00      0.00     98.65
end------
                all      0.39      0.00      1.58      0.00      0.00     98.03
                all      0.46      0.00      1.78      0.00      0.00     97.76
                all      0.49      0.00      1.75      0.01      0.00     97.75
start----
                all      0.64      0.00     11.49      0.06      0.00     87.82
                all      0.36      0.00     23.88      0.01      0.00     75.75
                all      0.16      0.00      8.12      0.03      0.00     91.69
end------
                all      0.25      0.00      0.95      0.00      0.00     98.80
                all      0.44      0.00      1.76      0.00      0.00     97.79
                all      0.43      0.00      1.81      0.00      0.00     97.76
start----
                all      0.67      0.00      5.12      0.10      0.00     94.11
                all      0.36      0.00     23.67      0.00      0.00     75.98
                all      0.21      0.00     15.18      0.00      0.00     84.61
end------
                all      0.12      0.00      0.46      0.00      0.00     99.42
                all      0.46      0.00      1.74      0.00      0.00     97.80
                all      0.43      0.00      1.78      0.00      0.00     97.79
start----
                all      0.43      0.00      1.63      0.01      0.00     97.92
                all      0.44      0.00     21.19      0.07      0.00     78.29
                all      0.37      0.00     25.48      0.01      0.00     74.14
                all      0.18      0.00     24.16      0.01      0.00     75.65
                all      0.37      0.00     16.89      0.01      0.00     82.72
end------
                all      0.09      0.00      0.37      0.00      0.00     99.54
                all      0.46      0.00      1.73      0.00      0.00     97.81
                all      0.43      0.00      1.77      0.01      0.00     97.79
                all      0.46      0.00      1.74      0.00      0.00     97.80
start----
                all      0.47      0.00     18.56      0.10      0.00     80.86
                all      0.34      0.00     25.23      0.03      0.00     74.39
                all      0.21      0.00     24.32      0.01      0.00     75.46
                all      0.28      0.00     18.95      0.00      0.00     80.77
end------
                all      0.04      0.00      0.16      0.00      0.00     99.79
                all      0.44      0.00      1.75      0.00      0.00     97.81
                all      0.49      0.00      1.78      0.25      0.00     97.48
                all      0.43      0.00      1.78      0.03      0.00     97.76
start----
                all      0.53      0.00     17.15      0.07      0.00     82.24
                all      0.19      0.00     25.26      0.00      0.00     74.55
                all      0.48      0.00     24.18      0.01      0.00     75.33
                all      0.34      0.00     20.96      0.01      0.00     78.68
end------
                all      0.01      0.00      0.09      0.01      0.00     99.88
                all      0.43      0.00      1.70      0.00      0.00     97.87
                all      0.47      0.00      1.75      0.00      0.00     97.78
                all      0.45      0.00      1.74      0.00      0.00     97.82
start----
                all      1.11      0.00     28.55      0.09      0.00     70.25
                all      0.23      0.00     10.31      0.01      0.00     89.44
end------
                all      0.28      0.00      1.08      0.00      0.00     98.63
                all      0.47      0.00      1.76      0.00      0.00     97.76
                all      0.46      0.00      1.76      0.01      0.00     97.76
start----
                all      1.13      0.00     12.64      0.10      0.00     86.13
                all      0.48      0.00     26.47      0.01      0.00     73.03
end------
                all      0.13      0.00      0.47      0.00      0.00     99.39
                all      0.42      0.00      1.78      0.00      0.00     97.81
                all      0.44      0.00      1.76      0.00      0.00     97.79
start----
                all      0.42      0.00      1.62      0.01      0.00     97.95
                all      1.15      0.00     38.39      0.10      0.00     60.35
                all      0.03      0.00      0.15      0.01      0.00     99.81
end------
                all      0.39      0.00      1.64      0.00      0.00     97.98
                all      0.46      0.00      1.75      0.00      0.00     97.79
                all      0.46      0.00      1.75      0.00      0.00     97.79
start----
                all      0.96      0.00     26.42      0.09      0.00     72.54
                all      0.49      0.00     46.95      0.00      0.00     52.56
                all      0.07      0.00      0.32      0.01      0.00     99.59
end------
                all      0.36      0.00      1.55      0.00      0.00     98.09
                all      0.46      0.00      1.78      0.00      0.00     97.76
                all      0.44      0.00      1.78      0.00      0.00     97.78
start----
                all      1.07      0.00     22.92      0.13      0.00     75.88
                all      0.40      0.00     47.10      0.00      0.00     52.50
                all      0.25      0.00      3.80      0.04      0.00     95.91
end------
                all      0.37      0.00      1.37      0.00      0.00     98.26
                all      0.47      0.00      1.75      0.00      0.00     97.78
                all      0.44      0.00      1.76      0.01      0.00     97.78
start----
                all      0.95      0.00     19.71      0.09      0.00     79.26
                all      0.35      0.00     47.17      0.00      0.00     52.48
                all      0.23      0.00      7.19      0.01      0.00     92.56
end------
                all      0.31      0.00      1.24      0.00      0.00     98.45
                all      0.43      0.00      1.75      0.00      0.00     97.82
                all      0.49      0.00      1.73      0.00      0.00     97.78
start----
                all      0.96      0.00     16.08      0.15      0.00     82.81
                all      0.43      0.00     48.22      0.00      0.00     51.35
                all      0.31      0.00     47.63      0.01      0.00     52.04
                all      0.37      0.00     34.09      0.04      0.00     65.50
end------
                all      0.06      0.00      0.24      0.00      0.00     99.70
                all      0.43      0.00      1.81      0.00      0.00     97.76
                all      0.47      0.00      1.76      0.00      0.00     97.76
                all      0.44      0.00      1.78      0.00      0.00     97.78
start----
                all      0.84      0.00     35.22      0.10      0.00     63.84
                all      1.18      0.00     47.76      0.01      0.00     51.04
                all      0.06      0.00     47.55      0.00      0.00     52.40
                all      1.10      0.00     15.25      0.03      0.00     83.62
end------
                all      0.22      0.00      0.77      0.00      0.00     99.00
                all      0.46      0.00      1.73      0.00      0.00     97.81
                all      0.44      0.00      1.76      0.25      0.00     97.54
start----
                all      1.11      0.00      4.62      0.10      0.00     94.16
                all      0.24      0.00     47.87      0.00      0.00     51.90
                all      0.71      0.00     47.77      0.00      0.00     51.52
                all      0.63      0.00     45.81      0.00      0.00     53.56
                all      0.07      0.00      0.16      0.04      0.00     99.72
end------
                all      0.39      0.00      1.58      0.00      0.00     98.03
                all      0.47      0.00      1.75      0.00      0.00     97.78
                all      0.46      0.00      1.75      0.00      0.00     97.79
start----
                all      1.08      0.00     23.83      0.12      0.00     74.97
                all      0.19      0.00     48.76      0.00      0.00     51.05
                all      0.18      0.00     37.51     11.72      0.00     50.58
                all      3.54      0.00     16.48     28.95      0.00     51.02
                all      0.74      0.00     47.95      0.00      0.00     51.31
                all      0.04      0.00     47.47      0.00      0.00     52.48
                all      0.06      0.00     47.44      0.00      0.00     52.50
                all      0.56      0.00     27.99      0.01      0.00     71.44
end------
                all      0.19      0.00      0.52      0.00      0.00     99.29
                all      0.50      0.00      1.70      0.00      0.00     97.79
                all      0.53      0.00      1.70      0.00      0.00     97.76
start----
                all      0.46      0.00      1.60      0.01      0.00     97.93
                all      0.84      0.00     42.11      0.04      0.00     57.01
                all      0.22      0.00     49.27      0.01      0.00     50.49
                all      0.15      0.00     21.23     27.71      0.00     50.92
                all      3.47      0.00     27.33     18.20      0.00     51.00
                all      0.74      0.00     47.30      0.10      0.00     51.86
                all      0.06      0.00     47.43      0.00      0.00     52.51
                all      0.06      0.00     47.47      0.00      0.00     52.47
                all      2.12      0.00     12.02      0.01      0.00     85.84
end------
                all      0.25      0.00      1.03      0.00      0.00     98.72
                all      0.53      0.00      1.70      0.00      0.00     97.76
                all      0.52      0.00      1.70      0.01      0.00     97.76
start----
                all      1.15      0.00      9.40      0.10      0.00     89.35
                all      0.22      0.00     48.03      0.00      0.00     51.75
                all      0.21      0.00     45.29      3.77      0.00     50.74
                all      0.12      0.00     12.84     35.59      0.00     51.46
                all     20.16      0.00     19.61      9.14      0.00     51.09
                all      1.46      0.00     47.09      0.10      0.00     51.34
                all      0.06      0.00     47.46      0.00      0.00     52.48
                all      0.06      0.00     47.46      0.00      0.00     52.48
                all      1.42      0.00     25.14      0.03      0.00     73.41
end------
                all      0.16      0.00      0.52      0.00      0.00     99.32
                all      0.56      0.00      1.72      0.00      0.00     97.72
                all      0.52      0.00      1.72      0.00      0.00     97.76
start----
                all      0.52      0.00      1.56      0.01      0.00     97.91
                all      2.74      0.00     80.59      0.27      0.00     16.40
                all      0.66      0.00     63.49      0.01      0.00     35.84
end------
                all      0.09      0.00      0.28      0.00      0.00     99.63
                all      0.55      0.00      1.69      0.00      0.00     97.76
                all      0.53      0.00      1.72      0.30      0.00     97.45
                all      0.53      0.00      1.70      0.01      0.00     97.75
start----
                all      2.77      0.00     67.84      0.19      0.00     29.20
                all      0.71      0.00     74.44      0.01      0.00     24.83
end------
                all      0.01      0.00      0.09      0.00      0.00     99.90
                all      0.52      0.00      1.70      0.00      0.00     97.78
                all      0.55      0.00      1.69      0.22      0.00     97.54
                all      0.47      0.00      1.76      0.06      0.00     97.70
start----
                all      2.22      0.00     57.45      0.25      0.00     40.08
                all      1.06      0.00     87.33      0.00      0.00     11.61
                all      0.06      0.00      0.13      0.01      0.00     99.80
end------
                all      0.51      0.00      1.54      0.00      0.00     97.96
                all      0.56      0.00      1.72      0.00      0.00     97.72
                all      0.55      0.00      1.73      0.00      0.00     97.72
start----
                all      2.41      0.00     43.80      0.64      0.00     53.15
                all      0.96      0.00     94.70      0.00      0.00      4.34
                all      0.06      0.00     94.57      0.03      0.00      5.34
                all      1.11      0.00     52.73      0.03      0.00     46.12
end------
                all      0.03      0.00      0.15      0.00      0.00     99.82
                all      0.56      0.00      1.67      0.00      0.00     97.76
                all      0.43      0.00      1.78      0.00      0.00     97.79
                all      0.56      0.00      1.70      0.00      0.00     97.73
start----
                all      2.35      0.00     59.83      0.21      0.00     37.61
                all      1.43      0.00     93.65      0.04      0.00      4.87
                all      0.06      0.00     94.58      0.00      0.00      5.36
                all      1.57      0.00     37.68      0.01      0.00     60.74
end------
                all      0.18      0.00      0.86      0.00      0.00     98.96
                all      0.55      0.00      1.67      0.00      0.00     97.78
                all      0.53      0.00      1.75      0.00      0.00     97.72
start----
                all      0.80      0.00      4.36      0.21      0.00     94.63
                all      1.92      0.00     91.43      0.03      0.00      6.62
                all      1.13      0.00     93.52      0.03      0.00      5.32
                all      1.10      0.00     93.53      0.00      0.00      5.37
                all      0.73      0.00      3.29      0.01      0.00     95.97
end------
                all      0.45      0.00      1.31      0.00      0.00     98.24
                all      0.53      0.00      1.72      0.00      0.00     97.75
                all      0.59      0.00      1.66      0.30      0.00     97.45
start----
                all      2.34      0.00     34.09      0.15      0.00     63.42
                all      0.21      0.00     95.37      0.00      0.00      4.43
                all      0.16      0.00     88.28      7.65      0.00      3.91
                all      3.63      0.00     65.60     26.18      0.00      4.58
                all      4.06      0.00     90.10      0.06      0.00      5.77
                all      0.06      0.00     94.59      0.00      0.00      5.35
                all      0.06      0.00     94.55      0.00      0.00      5.39
                all      1.74      0.00     17.67      0.01      0.00     80.57
end------
                all      0.31      0.00      1.01      0.00      0.00     98.68
                all      0.53      0.00      1.70      0.00      0.00     97.76
                all      0.52      0.00      1.73      0.30      0.00     97.45
start----
                all      2.27      0.00     20.38      0.27      0.00     77.08
                all      0.18      0.00     95.10      0.00      0.00      4.72
                all      0.19      0.00     96.03      0.00      0.00      3.78
                all      3.68      0.00     59.80     32.26      0.00      4.26
                all      4.45      0.00     89.88      0.07      0.00      5.60
                all      0.06      0.00     94.57      0.00      0.00      5.37
                all      0.07      0.00     94.54      0.00      0.00      5.39
                all      1.86      0.00     31.94      0.00      0.00     66.20
end------
                all      0.21      0.00      0.85      0.00      0.00     98.95
                all      0.52      0.00      1.70      0.00      0.00     97.78
                all      0.34      0.00      1.87      0.01      0.00     97.78
start----
                all      1.65      0.00      6.24      0.19      0.00     91.92
                all      1.18      0.00     93.34      0.01      0.00      5.46
                all      0.47      0.00     96.11      0.12      0.00      3.30
                all      3.04      0.00     58.56     34.24      0.00      4.17
                all      1.06      0.00     93.87      0.04      0.00      5.03
                all      0.06      0.00     94.56      0.00      0.00      5.38
                all      0.06      0.00     94.60      0.00      0.00      5.34
                all      1.75      0.00     42.51      0.01      0.00     55.73
end------
                all      0.07      0.00      0.31      0.00      0.00     99.62
                all      0.40      0.00      1.78      0.00      0.00     97.82
                all      0.43      0.00      1.78      0.28      0.00     97.51
                all      0.44      0.00      1.73      0.00      0.00     97.82
start----
                all      2.48      0.00     67.94      0.34      0.00     29.24
                all      0.21      0.00     95.87      0.00      0.00      3.93
                all      0.15      0.00     61.28     34.45      0.00      4.12
                all      0.07      0.00     13.09     81.82      0.00      5.02
                all      0.10      0.00      7.60     86.63      0.00      5.67
                all      0.07      0.00      5.04     89.04      0.00      5.85
                all      0.07      0.00      4.38     89.68      0.00      5.86
                all      0.09      0.00      4.21     89.87      0.00      5.84
                all      0.07      0.00      4.33     89.75      0.00      5.84
                all      0.07      0.00      4.17     89.93      0.00      5.83
                all      0.07      0.00      3.95     90.52      0.00      5.45
                all      0.07      0.00      4.07     91.13      0.00      4.73
                all      0.07      0.00      4.32     89.87      0.00      5.74
                all      0.06      0.00      4.55     89.51      0.00      5.88
                all      0.07      0.00      4.63     89.39      0.00      5.91
                all      0.06      0.00      4.69     89.37      0.00      5.88
                all      0.09      0.00      4.67     89.32      0.00      5.92
                all      0.12      0.00      4.55     89.42      0.00      5.92
                all      0.07      0.00      4.67     89.38      0.00      5.88
                all      0.07      0.00      4.70     89.71      0.00      5.52
                all     10.63      0.00     62.89     21.43      0.00      5.05
                all      8.23      0.00     87.57      0.09      0.00      4.11
                all      0.06      0.00     94.83      0.00      0.00      5.11
                all      0.06      0.00     94.58      0.00      0.00      5.36
                all      0.06      0.00     94.56      0.00      0.00      5.39
                all      0.04      0.00     94.57      0.00      0.00      5.38
                all      0.06      0.00     94.57      0.00      0.00      5.37
                all      2.73      0.00     66.24      0.00      0.00     31.03
                all      0.04      0.00      0.12      0.01      0.00     99.82
end------
                all      0.40      0.00      1.60      0.00      0.00     98.00
                all      0.42      0.00      1.78      0.00      0.00     97.81
                all      0.43      0.00      1.75      0.00      0.00     97.82
start----
                all      2.36      0.00     46.02      0.22      0.00     51.40
                all      0.19      0.00     95.55      0.00      0.00      4.25
                all      0.13      0.00     49.17     46.29      0.00      4.40
                all      0.10      0.00      7.50     87.42      0.00      4.98
                all      0.09      0.00      6.13     88.36      0.00      5.42
                all      0.15      0.00      5.51     88.45      0.00      5.89
                all      0.09      0.00      5.16     88.88      0.00      5.87
                all      0.07      0.00      5.01     89.51      0.00      5.40
                all      0.09      0.00      4.93     89.85      0.00      5.13
                all      0.06      0.00      4.83     89.19      0.00      5.91
                all      0.10      0.00      4.75     89.29      0.00      5.86
                all      0.07      0.00      4.81     89.78      0.00      5.33
                all      0.07      0.00      4.77     90.75      0.00      4.40
                all      0.07      0.00      4.73     89.32      0.00      5.88
                all      0.09      0.00      4.81     89.25      0.00      5.85
                all      0.07      0.00      4.70     89.36      0.00      5.87
                all      0.09      0.00      4.80     89.56      0.00      5.55
                all      0.07      0.00      4.72     90.03      0.00      5.18
                all      0.06      0.00      4.78     89.61      0.00      5.55
                all      0.07      0.00      4.81     90.00      0.00      5.11
                all      8.10      0.00      7.66     79.23      0.00      5.01
                all      8.38      0.00     87.69      0.15      0.00      3.78
                all      2.39      0.00     92.40      0.00      0.00      5.21
                all      0.04      0.00     94.60      0.00      0.00      5.36
                all      0.07      0.00     94.59      0.00      0.00      5.34
                all      0.07      0.00     94.58      0.00      0.00      5.34
                all      0.06      0.00     94.58      0.00      0.00      5.36
                all      0.06      0.00     94.57      0.00      0.00      5.37
                all      1.25      0.00     30.62      0.01      0.00     68.12
end------
                all      0.25      0.00      0.98      0.00      0.00     98.77
                all      0.46      0.00      1.75      0.00      0.00     97.79
                all      0.44      0.00      1.76      0.01      0.00     97.78
start----
                all      1.74      0.00      6.94      0.16      0.00     91.16
                all      1.02      0.00     93.49      0.01      0.00      5.48
                all      0.19      0.00     87.22      8.71      0.00      3.88
                all      0.10      0.00      9.42     85.39      0.00      5.08
                all      0.11      0.00      6.38     87.76      0.00      5.76
                all      0.09      0.00      5.61     88.79      0.00      5.52
                all      0.07      0.00      5.40     89.21      0.00      5.31
                all      0.07      0.00      5.12     88.93      0.00      5.87
                all      0.09      0.00      4.95     89.45      0.00      5.51
                all      0.09      0.00      4.89     89.47      0.00      5.55
                all      0.07      0.00      4.83     89.68      0.00      5.41
                all      0.07      0.00      4.74     90.45      0.00      4.73
                all      0.06      0.00      4.65     90.23      0.00      5.06
                all      0.12      0.00      4.86     89.97      0.00      5.04
                all      0.10      0.00      4.82     89.35      0.00      5.73
                all      0.07      0.00      4.82     89.74      0.00      5.37
                all      0.07      0.00      4.81     89.48      0.00      5.63
                all      0.09      0.00      4.73     89.66      0.00      5.52
                all      0.09      0.00      4.78     89.33      0.00      5.81
                all      0.06      0.00      4.83     89.18      0.00      5.92
                all      0.09      0.00      4.76     89.86      0.00      5.29
                all     17.01      0.00     54.93     23.78      0.00      4.28
                all      1.94      0.00     93.81      0.10      0.00      4.15
                all      0.06      0.00     94.83      0.00      0.00      5.11
                all      0.07      0.00     94.56      0.00      0.00      5.37
                all      0.07      0.00     94.57      0.00      0.00      5.36
                all      0.06      0.00     94.54      0.00      0.00      5.40
                all      0.06      0.00     94.55      0.00      0.00      5.39
                all      2.40      0.00     66.55      0.00      0.00     31.04
                all      0.04      0.00      0.13      0.03      0.00     99.79
end------
                all      0.37      0.00      1.53      0.00      0.00     98.10
                all      0.44      0.00      1.75      0.00      0.00     97.81
                all      0.49      0.00      1.70      0.00      0.00     97.81
/home/kau/jwbang/200320/out_mod8_iostat.txt

Linux 5.2.8200225+ (knl03.kisti.re.kr) 	2020년 03월 24일 	_x86_64_	(68 CPU)

                CPU     %user     %nice   %system   %iowait    %steal     %idle
                all      0.13      0.00      0.35      0.00      0.00     99.51
                all      0.07      0.00      0.25      0.59      0.00     99.09
                all      0.06      0.00      0.24      1.47      0.00     98.23
                all      0.04      0.00      0.21      1.46      0.00     98.29
                all      0.06      0.00      0.27      1.34      0.00     98.34
                all      0.06      0.00      0.50      0.97      0.00     98.46
                all      0.10      0.00      0.25      0.00      0.00     99.66
                all      0.09      0.00      0.28      0.06      0.00     99.57
                all      0.40      0.00      0.66      0.07      0.00     98.87
                all      0.06      0.00      0.24      0.00      0.00     99.70
                all      0.06      0.00      0.22      0.00      0.00     99.72
                all      0.25      0.00      2.39      0.07      0.00     97.29
                all      0.16      0.00      0.91      0.01      0.00     98.91
                all      0.04      0.00      0.24      0.00      0.00     99.72
                all      0.06      0.00      0.24      0.00      0.00     99.71
start----
                all      0.34      0.00      3.51      0.13      0.00     96.02
end------
                all      0.03      0.00      0.15      0.00      0.00     99.82
                all      0.46      0.00      1.78      0.00      0.00     97.76
                all      0.49      0.00      1.75      0.00      0.00     97.76
                all      0.46      0.00      1.75      0.00      0.00     97.79
                all      0.28      0.00      3.04      0.12      0.00     96.57
                all      0.06      0.00      0.24      0.00      0.00     99.70
                all      0.06      0.00      0.21      0.00      0.00     99.73
start----
                all      0.07      0.00      0.28      0.01      0.00     99.63
                all      0.32      0.00      3.20      0.07      0.00     96.40
end------
                all      0.22      0.00      0.79      0.00      0.00     98.99
                all      0.46      0.00      1.77      0.00      0.00     97.77
                all      0.43      0.00      1.80      0.01      0.00     97.76
                all      0.56      0.00      3.81      0.09      0.00     95.54
                all      0.09      0.00      0.47      0.01      0.00     99.42
                all      0.04      0.00      0.21      0.00      0.00     99.75
                all      0.06      0.00      0.21      0.00      0.00     99.73
start----
                all      0.43      0.00      3.46      0.13      0.00     95.98
end------
                all      0.09      0.00      0.40      0.00      0.00     99.51
                all      0.46      0.00      1.78      0.00      0.00     97.76
                all      0.44      0.00      1.78      0.00      0.00     97.78
                all      0.49      0.00      1.78      0.00      0.00     97.73
                all      0.27      0.00      5.10      0.12      0.00     94.51
                all      0.06      0.00      0.24      0.00      0.00     99.70
                all      0.04      0.00      0.21      0.00      0.00     99.75
                all      0.06      0.00      0.29      0.01      0.00     99.63
start----
                all      0.32      0.00      5.87      0.12      0.00     93.69
end------
                all      0.07      0.00      0.30      0.00      0.00     99.63
                all      0.46      0.00      1.75      0.00      0.00     97.79
                all      0.46      0.00      1.78      0.00      0.00     97.76
                all      0.43      0.00      1.74      0.01      0.00     97.82
                all      0.28      0.00      5.00      0.13      0.00     94.59
                all      0.06      0.00      0.24      0.00      0.00     99.70
                all      0.04      0.00      0.21      0.00      0.00     99.75
start----
                all      0.06      0.00      0.27      0.01      0.00     99.66
                all      0.31      0.00      5.87      0.06      0.00     93.76
end------
                all      0.09      0.00      0.47      0.00      0.00     99.44
                all      0.49      0.00      1.72      0.00      0.00     97.79
                all      0.43      0.00      1.77      0.30      0.00     97.51
                all      0.46      0.00      1.84      0.06      0.00     97.64
                all      0.25      0.00      4.82      0.04      0.00     94.88
                all      0.04      0.00      0.24      0.00      0.00     99.72
                all      0.06      0.00      0.21      0.00      0.00     99.73
                all      0.07      0.00      0.22      0.00      0.00     99.71
start----
                all      0.35      0.00      5.92      0.07      0.00     93.65
end------
                all      0.04      0.00      0.15      0.00      0.00     99.81
