
Linux 5.2.8200225+ (knl03.kisti.re.kr) 	2020년 03월 25일 	_x86_64_	(68 CPU)

                CPU     %user     %nice   %system   %iowait    %steal     %idle
                all      0.10      0.00      0.31      0.01      0.00     99.57
                all      0.09      0.00      0.27      0.59      0.00     99.06
                all      0.06      0.00      0.24      1.46      0.00     98.25
                all      0.06      0.00      0.21      1.47      0.00     98.26
                all      0.04      0.00      0.24      1.41      0.00     98.31
                all      0.07      0.00      0.46      1.02      0.00     98.45
                all      0.09      0.00      0.27      0.07      0.00     99.57
                all      0.12      0.00      0.32      0.00      0.00     99.56
                all      0.24      0.00      1.03      0.03      0.00     98.71
                all      0.06      0.00      0.24      0.00      0.00     99.70
                all      0.10      0.00      0.34      0.03      0.00     99.53
                all      0.06      0.00      0.27      0.00      0.00     99.68
start----
                all      0.35      0.00      3.93      0.10      0.00     95.61
end------
                all      0.15      0.00      0.53      0.00      0.00     99.32
                all      0.47      0.00      1.74      0.00      0.00     97.79
                all      0.42      0.00      1.82      0.31      0.00     97.45
start----
                all      0.37      0.00      1.60      0.01      0.00     98.01
                all      0.29      0.00      3.75      0.09      0.00     95.87
end------
                all      0.24      0.00      0.94      0.00      0.00     98.83
                all      0.46      0.00      1.75      0.00      0.00     97.79
                all      0.47      0.00      1.75      0.30      0.00     97.48
start----
                all      0.46      0.00      3.12      0.09      0.00     96.33
                all      0.12      0.00      1.89      0.01      0.00     97.98
end------
                all      0.33      0.00      1.26      0.00      0.00     98.41
                all      0.43      0.00      1.78      0.00      0.00     97.79
                all      0.43      0.00      1.80      0.00      0.00     97.77
start----
                all      0.43      0.00      5.09      0.09      0.00     94.39
                all      0.10      0.00      2.80      0.00      0.00     97.10
end------
                all      0.30      0.00      1.30      0.01      0.00     98.39
                all      0.46      0.00      1.75      0.00      0.00     97.79
                all      0.45      0.00      1.78      0.00      0.00     97.77
start----
                all      0.44      0.00      4.49      0.09      0.00     94.98
                all      0.13      0.00      3.37      0.04      0.00     96.45
end------
                all      0.28      0.00      1.09      0.00      0.00     98.63
                all      0.46      0.00      1.77      0.00      0.00     97.77
                all      0.43      0.00      1.82      0.01      0.00     97.73
start----
                all      0.39      0.00      4.10      0.09      0.00     95.42
                all      0.18      0.00      4.25      0.00      0.00     95.57
end------
                all      0.25      0.00      1.07      0.00      0.00     98.68
                all      0.45      0.00      1.75      0.00      0.00     97.80
                all      0.49      0.00      1.82      0.01      0.00     97.67
start----
                all      0.47      0.00      3.41      0.07      0.00     96.05
                all      0.22      0.00     11.19      0.00      0.00     88.59
                all      0.00      0.00      0.15      0.01      0.00     99.84
end------
                all      0.45      0.00      1.67      0.00      0.00     97.88
                all      0.46      0.00      1.77      0.00      0.00     97.77
                all      0.44      0.00      1.78      0.00      0.00     97.78
start----
                all      0.33      0.00      7.40      0.07      0.00     92.20
                all      0.18      0.00      6.40      0.01      0.00     93.41
end------
                all      0.15      0.00      0.68      0.00      0.00     99.17
                all      0.45      0.00      1.77      0.00      0.00     97.79
                all      0.45      0.00      1.77      0.00      0.00     97.79
start----
                all      0.43      0.00      1.66      0.06      0.00     97.85
                all      0.22      0.00     11.76      0.03      0.00     87.99
                all      0.13      0.00      1.39      0.01      0.00     98.46
end------
                all      0.33      0.00      1.38      0.00      0.00     98.29
                all      0.46      0.00      1.75      0.00      0.00     97.79
                all      0.46      0.00      1.80      0.27      0.00     97.48
start----
                all      0.38      0.00      5.83      0.06      0.00     93.73
                all      0.12      0.00     12.04      0.00      0.00     87.84
                all      0.19      0.00      9.21      0.00      0.00     90.60
                all      0.06      0.00      0.15      0.01      0.00     99.78
end------
                all      0.37      0.00      1.73      0.00      0.00     97.90
                all      0.46      0.00      1.79      0.00      0.00     97.75
                all      0.42      0.00      1.81      0.00      0.00     97.77
start----
                all      0.34      0.00      7.12      0.10      0.00     92.44
                all      0.13      0.00     12.02      0.00      0.00     87.85
                all      0.21      0.00      7.45      0.00      0.00     92.35
end------
                all      0.15      0.00      0.61      0.00      0.00     99.24
                all      0.47      0.00      1.76      0.00      0.00     97.76
                all      0.43      0.00      1.95      0.00      0.00     97.62
start----
                all      0.43      0.00      1.63      0.01      0.00     97.93
                all      0.25      0.00     10.98      0.06      0.00     88.71
                all      0.09      0.00     12.05      0.00      0.00     87.86
                all      0.18      0.00      3.12      0.03      0.00     96.67
end------
                all      0.18      0.00      0.77      0.00      0.00     99.05
                all      0.45      0.00      1.77      0.00      0.00     97.79
                all      0.46      0.00      1.78      0.00      0.00     97.76
start----
                all      0.70      0.00      2.43      0.10      0.00     96.77
                all      0.19      0.00     10.88      0.01      0.00     88.91
end------
                all      0.19      0.00      0.71      0.00      0.00     99.10
                all      0.47      0.00      1.77      0.00      0.00     97.76
                all      0.45      0.00      1.78      0.00      0.00     97.77
start----
                all      0.62      0.00      2.40      0.12      0.00     96.86
                all      0.19      0.00     11.23      0.01      0.00     88.57
end------
                all      0.15      0.00      0.70      0.00      0.00     99.15
                all      0.46      0.00      1.77      0.00      0.00     97.77
                all      0.46      0.00      1.79      0.28      0.00     97.46
start----
                all      0.64      0.00      2.74      0.06      0.00     96.56
                all      0.19      0.00     10.60      0.04      0.00     89.16
end------
                all      0.18      0.00      0.70      0.00      0.00     99.13
                all      0.40      0.00      1.83      0.00      0.00     97.77
                all      0.46      0.00      1.81      0.00      0.00     97.73
start----
                all      0.65      0.00      2.62      0.09      0.00     96.63
                all      0.24      0.00     21.34      0.01      0.00     78.41
                all      0.01      0.00      0.09      0.00      0.00     99.90
end------
                all      0.41      0.00      1.69      0.00      0.00     97.90
                all      0.43      0.00      1.84      0.00      0.00     97.73
                all      0.47      0.00      1.77      0.00      0.00     97.76
start----
                all      0.47      0.00     15.06      0.07      0.00     84.39
                all      0.18      0.00      8.03      0.01      0.00     91.78
end------
                all      0.21      0.00      0.89      0.00      0.00     98.91
                all      0.45      0.00      1.79      0.00      0.00     97.76
                all      0.46      0.00      1.78      0.30      0.00     97.46
start----
                all      0.61      0.00      4.98      0.10      0.00     94.31
                all      0.22      0.00     18.75      0.01      0.00     81.02
end------
                all      0.03      0.00      0.12      0.00      0.00     99.85
                all      0.42      0.00      1.81      0.00      0.00     97.77
                all      0.45      0.00      1.80      0.27      0.00     97.49
                all      0.47      0.00      1.79      0.03      0.00     97.70
start----
                all      0.44      0.00     17.34      0.10      0.00     82.11
                all      0.15      0.00     23.87      0.00      0.00     75.98
                all      0.16      0.00      3.17      0.04      0.00     96.63
end------
                all      0.36      0.00      1.23      0.00      0.00     98.41
                all      0.40      0.00      1.82      0.00      0.00     97.77
                all      0.45      0.00      1.80      0.30      0.00     97.46
start----
                all      0.58      0.00      9.62      0.09      0.00     89.71
                all      0.12      0.00     23.91      0.00      0.00     75.97
                all      0.19      0.00     11.46      0.03      0.00     88.32
end------
                all      0.15      0.00      0.64      0.00      0.00     99.21
                all      0.46      0.00      1.78      0.00      0.00     97.76
                all      0.42      0.00      1.84      0.30      0.00     97.45
start----
                all      0.42      0.00      2.21      0.10      0.00     97.27
                all      0.40      0.00     23.44      0.00      0.00     76.16
                all      0.29      0.00     19.73      0.01      0.00     79.97
                all      0.01      0.00      0.07      0.00      0.00     99.91
end------
                all      0.42      0.00      1.73      0.00      0.00     97.85
                all      0.43      0.00      1.81      0.00      0.00     97.76
                all      0.43      0.00      1.81      0.00      0.00     97.76
start----
                all      0.44      0.00     16.15      0.09      0.00     83.32
                all      0.15      0.00     25.00      0.00      0.00     74.85
                all      0.18      0.00     24.99      0.00      0.00     74.83
                all      0.06      0.00     23.99      0.00      0.00     75.95
                all      0.26      0.00      0.91      0.03      0.00     98.80
end------
                all      0.25      0.00      1.12      0.00      0.00     98.63
                all      0.49      0.00      1.74      0.00      0.00     97.77
                all      0.47      0.00      1.77      0.30      0.00     97.46
start----
                all      0.64      0.00      6.86      0.10      0.00     92.40
                all      0.10      0.00     23.99      0.00      0.00     75.91
                all      0.24      0.00     25.79      0.01      0.00     73.96
                all      0.07      0.00     24.01      0.00      0.00     75.92
                all      0.22      0.00     10.51      0.01      0.00     89.26
end------
                all      0.21      0.00      0.76      0.00      0.00     99.04
                all      0.42      0.00      1.78      0.00      0.00     97.80
                all      0.44      0.00      1.81      0.27      0.00     97.48
start----
                all      0.68      0.00      2.07      0.18      0.00     97.07
                all      0.46      0.00     23.16      0.04      0.00     76.33
                all      0.13      0.00     25.49      0.00      0.00     74.38
                all      0.22      0.00     24.30      0.00      0.00     75.48
                all      0.60      0.00     17.35      0.01      0.00     82.03
end------
                all      0.04      0.00      0.25      0.00      0.00     99.70
                all      0.42      0.00      1.81      0.00      0.00     97.78
                all      0.45      0.00      1.78      0.30      0.00     97.48
                all      0.44      0.00      1.79      0.00      0.00     97.76
start----
                all      0.98      0.00     34.63      0.09      0.00     64.31
                all      0.20      0.00     10.73      0.01      0.00     89.05
end------
                all      0.27      0.00      1.13      0.00      0.00     98.60
                all      0.45      0.00      1.78      0.00      0.00     97.77
                all      0.46      0.00      1.80      0.00      0.00     97.74
start----
                all      1.08      0.00     12.54      0.07      0.00     86.31
                all      0.35      0.00     33.79      0.03      0.00     65.83
end------
                all      0.04      0.00      0.25      0.00      0.00     99.71
                all      0.43      0.00      1.79      0.00      0.00     97.78
                all      0.45      0.00      1.78      0.31      0.00     97.46
                all      0.43      0.00      1.84      0.00      0.00     97.73
start----
                all      0.89      0.00     34.98      0.09      0.00     64.04
                all      0.24      0.00     10.41      0.01      0.00     89.34
end------
                all      0.28      0.00      1.15      0.00      0.00     98.57
                all      0.44      0.00      1.82      0.00      0.00     97.73
                all      0.42      0.00      1.81      0.28      0.00     97.49
start----
                all      1.02      0.00     13.07      0.07      0.00     85.84
                all      0.27      0.00     47.22      0.00      0.00     52.51
                all      0.25      0.00     28.26      0.01      0.00     71.47
end------
                all      0.10      0.00      0.48      0.00      0.00     99.42
                all      0.47      0.00      1.75      0.00      0.00     97.78
                all      0.43      0.00      1.82      0.28      0.00     97.46
start----
                all      0.34      0.00      1.72      0.01      0.00     97.92
                all      0.81      0.00     41.38      0.04      0.00     57.76
                all      0.31      0.00     46.41      0.00      0.00     53.28
                all      0.07      0.00      0.20      0.03      0.00     99.70
end------
                all      0.40      0.00      1.54      0.00      0.00     98.06
                all      0.42      0.00      1.81      0.00      0.00     97.78
                all      0.43      0.00      1.80      0.00      0.00     97.77
start----
                all      1.04      0.00     22.89      0.07      0.00     76.00
                all      0.22      0.00     47.29      0.00      0.00     52.49
                all      0.22      0.00     18.12      0.03      0.00     81.64
end------
                all      0.19      0.00      0.85      0.00      0.00     98.96
                all      0.43      0.00      1.79      0.00      0.00     97.77
                all      0.43      0.00      1.82      0.00      0.00     97.75
start----
                all      1.10      0.00      4.76      0.07      0.00     94.07
                all      0.18      0.00     47.49      0.01      0.00     52.32
                all      0.10      0.00     48.76      0.00      0.00     51.14
                all      1.75      0.00     45.96      0.00      0.00     52.28
                all      0.65      0.00     30.22      0.03      0.00     69.10
end------
                all      0.09      0.00      0.39      0.00      0.00     99.53
                all      0.43      0.00      1.81      0.00      0.00     97.76
                all      0.46      0.00      1.79      0.01      0.00     97.73
start----
                all      0.46      0.00      1.65      0.00      0.00     97.89
                all      1.06      0.00     38.52      0.09      0.00     60.33
                all      0.12      0.00     48.52      0.01      0.00     51.35
                all      0.19      0.00     47.96      0.01      0.00     51.83
                all      0.78      0.00     40.45      0.01      0.00     58.75
                all      0.03      0.00      0.09      0.00      0.00     99.88
end------
                all      0.42      0.00      1.73      0.00      0.00     97.85
                all      0.44      0.00      1.81      0.00      0.00     97.75
                all      0.39      0.00      1.83      0.00      0.00     97.79
start----
                all      0.99      0.00     28.51      0.09      0.00     70.41
                all      0.16      0.00     48.02      0.00      0.00     51.81
                all      0.18      0.00     48.46      0.00      0.00     51.36
                all      0.06      0.00     47.43      0.00      0.00     52.51
                all      0.72      0.00      3.30      0.01      0.00     95.97
end------
                all      0.33      0.00      1.36      0.00      0.00     98.32
                all      0.39      0.00      1.82      0.00      0.00     97.79
                all      0.46      0.00      1.79      0.28      0.00     97.46
start----
                all      1.02      0.00     18.58      0.09      0.00     80.31
                all      0.13      0.00     47.62      0.00      0.00     52.25
                all      0.12      0.00     49.28      0.01      0.00     50.58
                all      0.15      0.00     49.44      0.00      0.00     50.41
                all      2.18      0.00     36.67     10.39      0.00     50.76
                all      0.40      0.00     47.23      0.03      0.00     52.34
                all      0.10      0.00     47.49      0.00      0.00     52.40
                all      0.06      0.00     47.46      0.00      0.00     52.48
                all      0.72      0.00      7.11      0.03      0.00     92.14
end------
                all      0.21      0.00      0.90      0.00      0.00     98.89
                all      0.43      0.00      1.79      0.00      0.00     97.78
                all      0.45      0.00      1.78      0.00      0.00     97.77
start----
                all      1.13      0.00      6.47      0.09      0.00     92.31
                all      0.15      0.00     47.35      0.00      0.00     52.50
                all      0.13      0.00     49.13      0.00      0.00     50.74
                all      0.13      0.00     49.28      0.00      0.00     50.58
                all      0.15      0.00     42.55      6.76      0.00     50.54
                all      1.49      0.00     35.99     10.60      0.00     51.92
                all      0.04      0.00     47.46      0.00      0.00     52.49
                all      0.04      0.00     47.49      0.00      0.00     52.46
                all      1.48      0.00     21.68      0.03      0.00     76.81
end------
                all      0.07      0.00      0.28      0.00      0.00     99.64
                all      0.47      0.00      1.73      0.00      0.00     97.79
                all      0.49      0.00      1.74      0.28      0.00     97.49
                all      0.47      0.00      1.74      0.01      0.00     97.78
start----
                all      0.99      0.00     36.09      0.09      0.00     62.84
                all      0.15      0.00     48.38      0.00      0.00     51.47
                all      0.13      0.00     49.17      0.00      0.00     50.69
                all      0.16      0.00     49.38      0.01      0.00     50.44
                all      1.07      0.00     27.98     19.54      0.00     51.42
                all      0.06      0.00     47.65      0.00      0.00     52.29
                all      0.07      0.00     47.41      0.00      0.00     52.51
                all      1.99      0.00     38.81      0.00      0.00     59.20
                all      0.07      0.00      0.20      0.00      0.00     99.72
end------
                all      0.42      0.00      1.43      0.00      0.00     98.15
                all      0.58      0.00      1.70      0.00      0.00     97.72
                all      0.56      0.00      1.85      0.01      0.00     97.57
start----
                all      2.44      0.00     35.69      0.56      0.00     61.31
                all      0.74      0.00     93.77      0.00      0.00      5.49
                all      0.54      0.00     44.70      0.01      0.00     54.74
end------
                all      0.13      0.00      0.65      0.00      0.00     99.21
                all      0.56      0.00      1.73      0.00      0.00     97.70
                all      0.55      0.00      1.76      0.01      0.00     97.68
start----
                all      0.50      0.00      1.75      0.01      0.00     97.73
                all      2.18      0.00     84.71      0.21      0.00     12.91
                all      0.78      0.00     88.78      0.00      0.00     10.44
                all      0.06      0.00      0.19      0.03      0.00     99.72
end------
                all      0.45      0.00      1.59      0.00      0.00     97.96
                all      0.50      0.00      1.76      0.00      0.00     97.73
                all      0.53      0.00      1.75      0.01      0.00     97.70
start----
                all      2.38      0.00     41.78      0.16      0.00     55.67
                all      0.54      0.00     94.00      0.00      0.00      5.46
                all      0.41      0.00     37.80      0.01      0.00     61.78
end------
                all      0.22      0.00      0.77      0.00      0.00     99.01
                all      0.55      0.00      1.75      0.00      0.00     97.70
                all      0.61      0.00      1.67      0.28      0.00     97.44
start----
                all      0.86      0.00      4.90      0.47      0.00     93.77
                all      1.77      0.00     89.91      0.03      0.00      8.29
                all      0.13      0.00     95.20      0.00      0.00      4.67
                all      2.37      0.00     92.33      0.10      0.00      5.20
                all      1.31      0.00     63.42      0.03      0.00     35.24
end------
                all      0.07      0.00      0.19      0.00      0.00     99.73
                all      0.56      0.00      1.73      0.00      0.00     97.70
                all      0.50      0.00      1.75      0.00      0.00     97.75
                all      0.53      0.00      1.75      0.00      0.00     97.72
start----
                all      2.02      0.00     65.91      0.22      0.00     31.84
                all      0.18      0.00     94.79      0.00      0.00      5.03
                all      1.63      0.00     93.51      0.01      0.00      4.84
                all      1.22      0.00     89.02      0.00      0.00      9.76
                all      0.06      0.00      0.20      0.00      0.00     99.74
end------
                all      0.40      0.00      1.49      0.00      0.00     98.11
                all      0.50      0.00      1.72      0.00      0.00     97.78
                all      0.50      0.00      1.75      0.00      0.00     97.75
start----
                all      2.16      0.00     42.37      0.21      0.00     55.26
                all      0.15      0.00     94.44      0.00      0.00      5.42
                all      2.63      0.00     92.94      0.04      0.00      4.38
                all      0.06      0.00     94.58      0.00      0.00      5.36
                all      1.03      0.00     18.98      0.03      0.00     79.96
end------
                all      0.21      0.00      0.73      0.00      0.00     99.07
                all      0.49      0.00      1.75      0.00      0.00     97.76
                all      0.52      0.00      1.74      0.28      0.00     97.46
start----
                all      1.26      0.00      5.07      0.24      0.00     93.43
                all      1.53      0.00     91.50      0.01      0.00      6.96
                all      0.15      0.00     95.63      0.00      0.00      4.22
                all      0.12      0.00     95.94      0.00      0.00      3.94
                all      0.16      0.00     96.01      0.01      0.00      3.81
                all      2.69      0.00     91.74      0.15      0.00      5.42
                all      0.06      0.00     94.57      0.00      0.00      5.37
                all      0.04      0.00     94.55      0.00      0.00      5.40
                all      2.23      0.00     22.93      0.01      0.00     74.83
end------
                all      0.16      0.00      0.62      0.00      0.00     99.21
                all      0.52      0.00      1.75      0.00      0.00     97.73
                all      0.53      0.00      1.72      0.00      0.00     97.75
start----
                all      0.47      0.00      2.10      0.07      0.00     97.35
                all      2.32      0.00     85.24      0.30      0.00     12.15
                all      0.12      0.00     95.48      0.00      0.00      4.40
                all      0.15      0.00     96.07      0.01      0.00      3.77
                all      0.13      0.00     96.16      0.00      0.00      3.71
                all      1.50      0.00     93.45      0.09      0.00      4.96
                all      0.07      0.00     94.55      0.00      0.00      5.37
                all      0.04      0.00     94.58      0.00      0.00      5.37
                all      1.38      0.00     28.04      0.01      0.00     70.57
end------
                all      0.22      0.00      1.06      0.00      0.00     98.72
                all      0.50      0.00      1.74      0.00      0.00     97.76
                all      0.46      0.00      1.78      0.00      0.00     97.76
start----
                all      2.45      0.00      8.11      0.21      0.00     89.23
                all      0.21      0.00     93.93      0.00      0.00      5.86
                all      0.13      0.00     95.75      0.00      0.00      4.12
                all      0.15      0.00     95.94      0.00      0.00      3.91
                all      2.11      0.00     94.06      0.00      0.00      3.83
                all      0.59      0.00     93.57      0.04      0.00      5.80
                all      0.04      0.00     94.60      0.00      0.00      5.36
                all      0.06      0.00     94.57      0.00      0.00      5.37
                all      2.08      0.00     15.27      0.03      0.00     82.62
end------
                all      0.24      0.00      0.85      0.00      0.00     98.92
                all      0.50      0.00      1.73      0.00      0.00     97.76
                all      0.47      0.00      1.75      0.00      0.00     97.78
start----
                all      1.11      0.00      5.25      0.27      0.00     93.37
                all      1.41      0.00     91.46      0.01      0.00      7.11
                all      0.13      0.00     95.67      0.00      0.00      4.19
                all      0.15      0.00     95.99      0.00      0.00      3.87
                all      0.15      0.00     95.95      0.01      0.00      3.89
                all      0.13      0.00     84.86     11.31      0.00      3.70
                all      0.09      0.00      7.81     86.55      0.00      5.55
                all      0.12      0.00      4.97     89.63      0.00      5.28
                all      0.06      0.00      4.17     90.40      0.00      5.37
                all      0.09      0.00      4.21     91.34      0.00      4.37
                all      0.09      0.00      4.16     90.58      0.00      5.16
                all      0.07      0.00      3.97     90.36      0.00      5.59
                all      0.06      0.00      4.18     90.98      0.00      4.78
                all      0.06      0.00      4.42     89.63      0.00      5.89
                all      0.07      0.00      4.35     89.91      0.00      5.66
                all      0.07      0.00      4.60     90.14      0.00      5.19
                all      0.09      0.00      4.73     90.29      0.00      4.89
                all      0.10      0.00      4.80     89.88      0.00      5.22
                all      0.09      0.00      4.73     89.29      0.00      5.89
                all      0.07      0.00      4.66     89.36      0.00      5.91
                all      0.09      0.00      4.60     89.38      0.00      5.93
                all     42.11      0.00     24.10     28.30      0.00      5.50
                all      0.04      0.00     94.79      0.00      0.00      5.17
                all      0.07      0.00     94.56      0.00      0.00      5.37
                all      0.04      0.00     94.55      0.00      0.00      5.40
                all      0.06      0.00     94.57      0.00      0.00      5.37
                all      0.06      0.00     94.53      0.00      0.00      5.41
                all      0.07      0.00     94.57      0.00      0.00      5.35
                all      1.41      0.00     19.86      0.04      0.00     78.69
end------
                all      0.33      0.00      1.07      0.00      0.00     98.60
                all      0.46      0.00      1.76      0.00      0.00     97.78
                all      0.44      0.00      1.78      0.01      0.00     97.76
start----
                all      2.60      0.00     16.25      0.22      0.00     80.93
                all      0.12      0.00     94.41      0.00      0.00      5.48
                all      0.12      0.00     95.82      0.00      0.00      4.06
                all      0.16      0.00     95.93      0.00      0.00      3.91
                all      0.09      0.00     30.08     65.33      0.00      4.50
                all      0.09      0.00      6.81     88.00      0.00      5.10
                all      0.07      0.00      5.84     88.47      0.00      5.62
                all      0.09      0.00      5.52     88.56      0.00      5.83
                all      0.13      0.00      5.19     89.04      0.00      5.64
                all      0.07      0.00      5.14     88.91      0.00      5.87
                all      0.09      0.00      4.98     89.08      0.00      5.85
                all      0.07      0.00      4.93     89.14      0.00      5.85
                all      0.09      0.00      4.76     90.30      0.00      4.85
                all      0.07      0.00      5.03     89.03      0.00      5.86
                all      0.06      0.00      4.91     89.15      0.00      5.88
                all      0.09      0.00      4.79     89.24      0.00      5.88
                all      0.07      0.00      4.76     89.28      0.00      5.88
                all      0.07      0.00      4.78     89.28      0.00      5.87
                all      0.09      0.00      4.73     89.27      0.00      5.91
                all      0.07      0.00      4.85     89.23      0.00      5.85
                all      0.07      0.00      4.72     90.64      0.00      4.56
                all     29.72      0.00     15.79     49.41      0.00      5.08
                all     10.95      0.00     83.48      0.31      0.00      5.26
                all      0.06      0.00     94.58      0.00      0.00      5.36
                all      0.07      0.00     94.55      0.00      0.00      5.37
                all      0.04      0.00     94.62      0.00      0.00      5.33
                all      0.06      0.00     94.55      0.00      0.00      5.39
                all      0.06      0.00     94.60      0.00      0.00      5.34
                all      2.10      0.00     35.79      0.03      0.00     62.09
end------
                all      0.09      0.00      0.36      0.00      0.00     99.56
                all      0.47      0.00      1.75      0.00      0.00     97.78
                all      0.49      0.00      1.73      0.30      0.00     97.48
start----
                all      0.44      0.00      1.63      0.01      0.00     97.91
                all      2.13      0.00     73.91      0.16      0.00     23.80
                all      0.13      0.00     94.94      0.00      0.00      4.93
                all      0.13      0.00     96.03      0.00      0.00      3.84
                all      0.12      0.00     61.36     34.26      0.00      4.26
                all      0.13      0.00      7.76     86.76      0.00      5.35
                all      0.07      0.00      6.12     88.79      0.00      5.01
                all      0.09      0.00      5.70     88.36      0.00      5.85
                all      0.09      0.00      5.31     88.70      0.00      5.90
                all      0.09      0.00      5.19     88.92      0.00      5.80
                all      0.10      0.00      5.19     90.08      0.00      4.62
                all      0.09      0.00      4.99     89.41      0.00      5.51
                all      0.07      0.00      4.87     89.19      0.00      5.87
                all      0.10      0.00      4.65     89.85      0.00      5.40
                all      0.07      0.00      4.89     89.44      0.00      5.59
                all      0.06      0.00      4.98     89.65      0.00      5.31
                all      0.09      0.00      4.90     89.46      0.00      5.55
                all      0.07      0.00      4.89     89.76      0.00      5.27
                all      0.07      0.00      4.76     89.65      0.00      5.52
                all      0.09      0.00      4.92     90.50      0.00      4.50
                all      0.07      0.00      4.84     89.18      0.00      5.90
                all      1.12      0.00      5.26     87.72      0.00      5.90
                all     41.69      0.00     44.19      4.27      0.00      9.85
                all      0.07      0.00     94.59      0.00      0.00      5.34
                all      0.07      0.00     94.57      0.00      0.00      5.36
                all      0.06      0.00     94.61      0.00      0.00      5.33
                all      0.06      0.00     94.57      0.00      0.00      5.37
                all      0.06      0.00     94.58      0.00      0.00      5.36
                all      6.26      0.00     88.17      0.00      0.00      5.57
                all      0.10      0.00      0.98      0.01      0.00     98.90
end------
                all      0.39      0.00      1.44      0.00      0.00     98.17
                all      0.46      0.00      1.79      0.00      0.00     97.75
                all      0.56      0.00      2.08      0.03      0.00     97.33
End of data collecting unexpected
