
Linux 5.2.8200225+ (knl03.kisti.re.kr) 	2020년 03월 26일 	_x86_64_	(68 CPU)

                CPU     %user     %nice   %system   %iowait    %steal     %idle
                all      0.13      0.00      0.32      0.00      0.00     99.54
                all      0.09      0.00      0.25      0.59      0.00     99.07
                all      0.07      0.00      0.21      1.47      0.00     98.25
                all      0.04      0.00      0.22      1.47      0.00     98.26
                all      0.06      0.00      0.27      1.40      0.00     98.28
                all      0.06      0.00      0.47      1.02      0.00     98.45
                all      0.09      0.00      0.32      0.22      0.00     99.37
                all      0.13      0.00      0.29      0.03      0.00     99.54
                all      0.34      0.00      0.67      0.06      0.00     98.93
                all      0.06      0.00      0.24      0.00      0.00     99.70
                all      0.06      0.00      0.21      0.00      0.00     99.73
                all      0.04      0.00      0.25      0.00      0.00     99.71
                all      0.78      0.00      2.36      0.04      0.00     96.82
                all      0.07      0.00      0.28      0.03      0.00     99.62
                all      0.06      0.00      0.21      0.00      0.00     99.73
                all      0.06      0.00      0.22      0.00      0.00     99.72
                all      0.06      0.00      0.22      0.00      0.00     99.72
                all      0.04      0.00      0.25      0.00      0.00     99.71
start----
                all      1.22      0.00      1.98      0.07      0.00     96.73
                all      0.07      0.00      0.13      0.03      0.00     99.77
end------
                all      0.36      0.00      1.58      0.00      0.00     98.06
                all      0.50      0.00      1.71      0.00      0.00     97.79
                all      0.45      0.00      1.81      0.00      0.00     97.74
                all      0.47      0.00      1.77      0.00      0.00     97.76
start----
                all      1.15      0.00      2.13      0.10      0.00     96.61
end------
                all      0.03      0.00      0.13      0.00      0.00     99.84
                all      0.45      0.00      1.75      0.00      0.00     97.80
                all      0.44      0.00      1.81      0.01      0.00     97.73
                all      0.43      0.00      1.79      0.00      0.00     97.78
                all      0.46      0.00      1.77      0.00      0.00     97.77
start----
                all      1.16      0.00      2.14      0.09      0.00     96.61
end------
                all      0.16      0.00      0.52      0.01      0.00     99.30
                all      0.50      0.00      1.72      0.00      0.00     97.78
                all      0.83      0.00      2.30      0.03      0.00     96.83
                all      0.45      0.00      1.78      0.00      0.00     97.77
                all      0.41      0.00      1.59      0.00      0.00     98.00
start----
                all      0.97      0.00      1.75      0.10      0.00     97.18
end------
                all      0.22      0.00      0.79      0.00      0.00     98.99
                all      0.46      0.00      1.78      0.00      0.00     97.76
                all      0.45      0.00      1.79      0.27      0.00     97.49
                all      0.46      0.00      1.77      0.00      0.00     97.77
start----
                all      1.19      0.00      2.58      0.04      0.00     96.19
                all      0.41      0.00      0.50      0.01      0.00     99.08
end------
                all      0.37      0.00      1.51      0.00      0.00     98.12
                all      0.46      0.00      1.75      0.00      0.00     97.79
                all      0.49      0.00      1.93      0.01      0.00     97.57
                all      0.45      0.00      1.80      0.00      0.00     97.76
start----
                all      0.88      0.00      2.47      0.10      0.00     96.55
end------
                all      0.12      0.00      0.49      0.00      0.00     99.39
                all      0.43      0.00      1.77      0.00      0.00     97.80
                all      0.49      0.00      1.75      0.00      0.00     97.76
                all      0.47      0.00      1.72      0.00      0.00     97.80
                all      0.36      0.00      1.60      0.00      0.00     98.04
start----
                all      1.16      0.00      1.95      0.07      0.00     96.82
end------
                all      0.21      0.00      0.80      0.00      0.00     98.99
                all      0.45      0.00      1.77      0.00      0.00     97.79
                all      0.43      0.00      1.78      0.00      0.00     97.79
                all      0.46      0.00      1.75      0.00      0.00     97.79
start----
                all      0.33      0.00      1.30      0.01      0.00     98.36
                all      1.19      0.00      1.89      0.07      0.00     96.85
end------
                all      0.30      0.00      1.07      0.00      0.00     98.63
                all      0.43      0.00      1.79      0.00      0.00     97.78
                all      0.44      0.00      1.79      0.01      0.00     97.75
                all      0.45      0.00      1.80      0.00      0.00     97.76
start----
                all      1.14      0.00      2.70      0.06      0.00     96.10
end------
                all      0.00      0.00      0.09      0.00      0.00     99.91
                all      0.46      0.00      1.77      0.00      0.00     97.77
                all      0.49      0.00      1.72      0.00      0.00     97.79
                all      0.45      0.00      1.78      0.00      0.00     97.77
                all      0.49      0.00      1.74      0.00      0.00     97.77
start----
                all      1.23      0.00      2.03      0.09      0.00     96.65
end------
                all      0.10      0.00      0.41      0.00      0.00     99.48
                all      0.45      0.00      1.78      0.00      0.00     97.77
                all      0.46      0.00      1.78      0.00      0.00     97.76
                all      0.45      0.00      1.77      0.00      0.00     97.79
                all      0.47      0.00      1.75      0.01      0.00     97.76
                all      1.43      0.00      3.39      0.07      0.00     95.11
                all      0.46      0.00      1.76      0.01      0.00     97.77
                all      0.46      0.00      1.76      0.00      0.00     97.78
                all      0.42      0.00      1.84      0.00      0.00     97.75
                all      0.42      0.00      1.80      0.00      0.00     97.79
                all      0.47      0.00      1.72      0.00      0.00     97.80
start----
                all      1.32      0.00      2.66      0.10      0.00     95.92
                all      0.07      0.00      0.15      0.00      0.00     99.78
end------
                all      0.43      0.00      1.61      0.00      0.00     97.96
                all      0.46      0.00      1.75      0.00      0.00     97.79
                all      0.46      0.00      1.80      0.01      0.00     97.73
                all      0.47      0.00      1.74      0.00      0.00     97.79
start----
                all      1.09      0.00      2.25      0.07      0.00     96.59
end------
                all      0.04      0.00      0.16      0.00      0.00     99.79
                all      0.43      0.00      1.78      0.00      0.00     97.79
                all      0.50      0.00      1.78      0.00      0.00     97.71
                all      0.46      0.00      1.75      0.00      0.00     97.79
                all      0.47      0.00      1.77      0.00      0.00     97.76
start----
                all      1.22      0.00      1.99      0.09      0.00     96.70
end------
                all      0.21      0.00      0.97      0.00      0.00     98.82
                all      0.45      0.00      1.77      0.00      0.00     97.79
                all      0.46      0.00      1.77      0.00      0.00     97.77
                all      0.45      0.00      1.77      0.00      0.00     97.79
start----
                all      0.37      0.00      1.29      0.01      0.00     98.33
                all      0.95      0.00      1.71      0.09      0.00     97.25
end------
                all      0.30      0.00      1.19      0.00      0.00     98.51
                all      0.45      0.00      1.77      0.00      0.00     97.79
                all      0.45      0.00      1.82      0.00      0.00     97.73
                all      0.47      0.00      1.72      0.00      0.00     97.80
start----
                all      1.40      0.00      2.87      0.09      0.00     95.64
end------
                all      0.04      0.00      0.16      0.00      0.00     99.79
                all      0.46      0.00      1.77      0.00      0.00     97.77
                all      0.43      0.00      1.80      0.00      0.00     97.77
                all      0.49      0.00      1.72      0.00      0.00     97.79
                all      0.45      0.00      1.80      0.00      0.00     97.76
start----
                all      1.22      0.00      2.04      0.09      0.00     96.65
end------
                all      0.12      0.00      0.42      0.00      0.00     99.47
                all      0.46      0.00      1.75      0.00      0.00     97.79
                all      0.46      0.00      1.77      0.00      0.00     97.77
                all      0.45      0.00      1.81      0.00      0.00     97.74
start----
                all      0.44      0.00      1.60      0.01      0.00     97.94
                all      0.98      0.00      1.79      0.09      0.00     97.14
end------
                all      0.31      0.00      1.12      0.00      0.00     98.57
                all      0.46      0.00      1.72      0.00      0.00     97.82
                all      0.46      0.00      1.80      0.30      0.00     97.45
                all      0.45      0.00      1.77      0.00      0.00     97.79
start----
                all      1.28      0.00      2.89      0.10      0.00     95.73
end------
                all      0.04      0.00      0.18      0.00      0.00     99.78
                all      0.43      0.00      1.77      0.00      0.00     97.80
                all      0.45      0.00      1.80      0.00      0.00     97.76
                all      0.45      0.00      1.78      0.00      0.00     97.77
                all      0.49      0.00      1.75      0.00      0.00     97.76
start----
                all      1.04      0.00      2.10      0.06      0.00     96.80
end------
                all      0.12      0.00      0.39      0.00      0.00     99.50
                all      0.49      0.00      1.75      0.00      0.00     97.76
                all      0.46      0.00      1.77      0.30      0.00     97.48
                all      0.47      0.00      1.77      0.00      0.00     97.76
start----
                all      0.43      0.00      1.65      0.01      0.00     97.91
                all      1.14      0.00      1.89      0.06      0.00     96.91
end------
                all      0.28      0.00      1.22      0.00      0.00     98.50
                all      0.43      0.00      1.80      0.00      0.00     97.77
                all      0.46      0.00      1.78      0.00      0.00     97.76
                all      0.46      0.00      1.75      0.00      0.00     97.79
                all      1.75      0.00      3.73      0.19      0.00     94.32
                all      0.45      0.00      1.78      0.01      0.00     97.76
                all      0.42      0.00      1.77      0.01      0.00     97.80
                all      0.46      0.00      1.77      0.00      0.00     97.77
                all      0.49      0.00      1.74      0.00      0.00     97.77
                all      0.49      0.00      1.78      0.00      0.00     97.73
                all      0.46      0.00      1.75      0.00      0.00     97.79
start----
                all      1.09      0.00      2.26      0.09      0.00     96.56
end------
                all      0.06      0.00      0.28      0.00      0.00     99.66
                all      0.47      0.00      1.74      0.00      0.00     97.79
                all      0.47      0.00      1.75      0.30      0.00     97.48
                all      0.46      0.00      1.74      0.00      0.00     97.80
                all      0.43      0.00      1.83      0.01      0.00     97.73
start----
                all      1.18      0.00      2.04      0.06      0.00     96.73
end------
                all      0.28      0.00      1.01      0.00      0.00     98.71
                all      0.43      0.00      1.75      0.00      0.00     97.82
                all      0.45      0.00      1.81      0.00      0.00     97.75
                all      0.46      0.00      1.77      0.00      0.00     97.77
start----
                all      0.31      0.00      1.27      0.03      0.00     98.39
                all      0.92      0.00      1.77      0.04      0.00     97.26
end------
                all      0.34      0.00      1.32      0.00      0.00     98.33
                all      0.46      0.00      1.74      0.00      0.00     97.80
                all      0.46      0.00      1.75      0.00      0.00     97.79
                all      0.47      0.00      1.76      0.00      0.00     97.76
start----
                all      1.33      0.00      2.62      0.07      0.00     95.97
end------
                all      0.07      0.00      0.12      0.00      0.00     99.81
                all      0.46      0.00      1.81      0.01      0.00     97.72
                all      0.46      0.00      1.81      0.00      0.00     97.73
                all      0.49      0.00      1.72      0.00      0.00     97.79
                all      0.45      0.00      1.80      0.00      0.00     97.76
start----
                all      1.09      0.00      2.42      0.07      0.00     96.42
end------
                all      0.04      0.00      0.16      0.00      0.00     99.79
                all      0.43      0.00      1.78      0.00      0.00     97.79
                all      0.46      0.00      1.77      0.00      0.00     97.77
                all      0.45      0.00      1.80      0.00      0.00     97.76
                all      0.49      0.00      1.71      0.00      0.00     97.80
start----
                all      1.28      0.00      2.10      0.06      0.00     96.57
end------
                all      0.13      0.00      0.52      0.00      0.00     99.35
                all      0.45      0.00      1.75      0.00      0.00     97.80
                all      0.46      0.00      1.79      0.01      0.00     97.73
                all      0.47      0.00      1.75      0.00      0.00     97.77
start----
                all      0.39      0.00      1.65      0.01      0.00     97.95
                all      1.01      0.00      1.73      0.09      0.00     97.17
end------
                all      0.28      0.00      1.26      0.00      0.00     98.45
                all      0.47      0.00      1.75      0.00      0.00     97.77
                all      0.47      0.00      1.75      0.00      0.00     97.77
                all      0.45      0.00      1.75      0.00      0.00     97.80
start----
                all      1.44      0.00      2.77      0.06      0.00     95.73
end------
                all      0.06      0.00      0.22      0.01      0.00     99.70
                all      0.44      0.00      1.79      0.00      0.00     97.76
                all      0.49      0.00      1.74      0.00      0.00     97.77
                all      0.43      0.00      1.80      0.00      0.00     97.77
                all      0.49      0.00      1.78      0.00      0.00     97.73
start----
                all      1.06      0.00      1.98      0.07      0.00     96.89
end------
                all      0.24      0.00      0.94      0.00      0.00     98.83
                all      0.47      0.00      1.71      0.00      0.00     97.82
                all      0.47      0.00      1.75      0.00      0.00     97.77
                all      0.46      0.00      1.75      0.00      0.00     97.79
start----
                all      0.33      0.00      1.32      0.03      0.00     98.33
                all      1.17      0.00      1.95      0.03      0.00     96.85
end------
                all      0.30      0.00      1.21      0.00      0.00     98.50
                all      0.47      0.00      1.74      0.00      0.00     97.79
                all      0.45      0.00      1.77      0.00      0.00     97.79
                all      0.46      0.00      1.80      0.00      0.00     97.74
                all      1.59      0.00      5.47      0.15      0.00     92.79
                all      0.49      0.00      1.75      0.01      0.00     97.74
                all      0.46      0.00      1.75      0.00      0.00     97.79
                all      0.46      0.00      1.72      0.00      0.00     97.82
                all      0.49      0.00      1.72      0.00      0.00     97.79
                all      0.42      0.00      1.82      0.00      0.00     97.76
                all      0.49      0.00      1.72      0.00      0.00     97.79
start----
                all      1.47      0.00      3.41      0.07      0.00     95.05
end------
                all      0.09      0.00      0.16      0.00      0.00     99.75
                all      0.83      0.00      2.28      0.04      0.00     96.85
                all      0.46      0.00      1.78      0.01      0.00     97.74
                all      0.46      0.00      1.74      0.00      0.00     97.80
                all      0.45      0.00      1.75      0.00      0.00     97.80
start----
                all      1.50      0.00      3.07      0.12      0.00     95.32
end------
                all      0.09      0.00      0.37      0.00      0.00     99.54
                all      0.49      0.00      1.72      0.00      0.00     97.79
                all      0.46      0.00      1.86      0.30      0.00     97.39
                all      0.47      0.00      1.72      0.00      0.00     97.80
                all      0.46      0.00      1.65      0.01      0.00     97.88
start----
                all      1.23      0.00      2.99      0.07      0.00     95.71
end------
                all      0.27      0.00      0.91      0.00      0.00     98.82
                all      0.43      0.00      1.78      0.00      0.00     97.79
                all      0.45      0.00      1.77      0.01      0.00     97.77
                all      0.52      0.00      1.90      0.00      0.00     97.58
start----
                all      1.64      0.00      4.02      0.06      0.00     94.28
                all      0.09      0.00      0.18      0.01      0.00     99.72
end------
                all      0.37      0.00      1.51      0.00      0.00     98.12
                all      0.49      0.00      1.72      0.00      0.00     97.79
                all      0.45      0.00      1.75      0.01      0.00     97.79
                all      0.47      0.00      1.74      0.00      0.00     97.79
start----
                all      1.52      0.00      3.59      0.04      0.00     94.84
                all      0.01      0.00      0.10      0.01      0.00     99.87
end------
                all      0.42      0.00      1.62      0.00      0.00     97.97
                all      0.46      0.00      1.75      0.00      0.00     97.79
                all      0.46      0.00      1.84      0.00      0.00     97.70
                all      0.45      0.00      1.77      0.00      0.00     97.79
start----
                all      1.41      0.00      3.28      0.09      0.00     95.22
end------
                all      0.04      0.00      0.15      0.00      0.00     99.81
                all      0.73      0.00      1.84      0.13      0.00     97.30
                all      0.46      0.00      1.78      0.00      0.00     97.76
                all      0.47      0.00      1.75      0.00      0.00     97.77
                all      0.45      0.00      1.78      0.00      0.00     97.77
start----
                all      1.53      0.00      3.21      0.09      0.00     95.17
end------
                all      0.09      0.00      0.33      0.00      0.00     99.58
                all      0.45      0.00      1.78      0.00      0.00     97.77
                all      0.43      0.00      1.78      0.00      0.00     97.79
                all      0.45      0.00      1.77      0.00      0.00     97.79
                all      0.40      0.00      1.62      0.00      0.00     97.98
start----
                all      1.44      0.00      3.17      0.09      0.00     95.31
end------
                all      0.13      0.00      0.58      0.00      0.00     99.29
                all      0.45      0.00      1.77      0.00      0.00     97.79
                all      0.43      0.00      1.77      0.01      0.00     97.79
                all      0.50      0.00      1.81      0.00      0.00     97.68
start----
                all      0.42      0.00      1.57      0.01      0.00     98.00
                all      1.26      0.00      2.94      0.01      0.00     95.78
end------
                all      0.28      0.00      1.13      0.00      0.00     98.59
                all      0.45      0.00      1.75      0.00      0.00     97.80
                all      0.45      0.00      1.75      0.30      0.00     97.51
                all      0.47      0.00      1.72      0.00      0.00     97.80
start----
                all      1.63      0.00      3.90      0.06      0.00     94.41
                all      0.01      0.00      0.10      0.01      0.00     99.87
end------
                all      0.42      0.00      1.71      0.00      0.00     97.88
                all      0.49      0.00      1.75      0.13      0.00     97.63
                all      0.45      0.00      1.78      0.16      0.00     97.61
                all      0.47      0.00      1.75      0.00      0.00     97.77
                all      2.13      0.00      6.87      0.04      0.00     90.96
                all      6.18      0.00      6.36      0.00      0.00     87.47
                all      0.46      0.00      1.79      0.01      0.00     97.73
                all      0.51      0.00      1.74      0.00      0.00     97.75
                all      0.48      0.00      2.19      0.00      0.00     97.33
                all      0.48      0.00      1.89      0.00      0.00     97.64
                all      0.45      0.00      1.75      0.00      0.00     97.80
                all      0.33      0.00      1.47      0.01      0.00     98.19
start----
                all      4.45      0.00      8.09      0.07      0.00     87.38
end------
                all      0.03      0.00      0.10      0.01      0.00     99.85
                all      0.45      0.00      1.72      0.00      0.00     97.83
                all      0.47      0.00      1.74      0.00      0.00     97.79
                all      0.46      0.00      1.74      0.00      0.00     97.80
                all      0.40      0.00      1.85      0.00      0.00     97.75
start----
                all      2.05      0.00      6.68      0.04      0.00     91.22
                all      2.00      0.00      3.05      0.01      0.00     94.94
end------
                all      0.33      0.00      1.23      0.00      0.00     98.44
                all      0.46      0.00      1.77      0.00      0.00     97.77
                all      0.50      0.00      1.94      0.01      0.00     97.54
                all      0.45      0.00      1.75      0.00      0.00     97.80
start----
                all      0.40      0.00      1.85      0.07      0.00     97.68
                all      4.11      0.00      7.57      0.01      0.00     88.30
end------
                all      0.15      0.00      0.59      0.00      0.00     99.26
                all      0.45      0.00      1.77      0.00      0.00     97.79
                all      0.47      0.00      1.75      0.00      0.00     97.77
                all      0.47      0.00      1.74      0.00      0.00     97.79
                all      0.42      0.00      1.63      0.00      0.00     97.95
start----
                all      4.30      0.00      8.42      0.04      0.00     87.24
end------
                all      0.06      0.00      0.13      0.01      0.00     99.79
                all      0.46      0.00      2.29      0.04      0.00     97.20
                all      0.45      0.00      1.77      0.00      0.00     97.79
                all      0.46      0.00      1.75      0.00      0.00     97.79
                all      0.46      0.00      1.77      0.00      0.00     97.77
start----
                all      1.01      0.00      4.61      0.06      0.00     94.32
                all      3.61      0.00      3.58      0.03      0.00     92.78
end------
                all      0.19      0.00      0.82      0.00      0.00     98.99
                all      0.47      0.00      1.75      0.00      0.00     97.77
                all      0.45      0.00      1.77      0.00      0.00     97.79
                all      0.43      0.00      1.77      0.00      0.00     97.80
                all      0.36      0.00      1.32      0.01      0.00     98.31
start----
                all      4.16      0.00      8.52      0.07      0.00     87.25
end------
                all      0.09      0.00      0.33      0.00      0.00     99.58
                all      0.46      0.00      1.77      0.00      0.00     97.78
                all      0.45      0.00      1.78      0.00      0.00     97.77
                all      0.49      0.00      1.72      0.00      0.00     97.79
                all      0.47      0.00      1.74      0.00      0.00     97.79
start----
                all      3.41      0.00      7.17      0.06      0.00     89.36
                all      0.86      0.00      1.67      0.00      0.00     97.48
end------
                all      0.34      0.00      1.38      0.00      0.00     98.28
                all      0.49      0.00      1.74      0.00      0.00     97.77
                all      0.47      0.00      1.72      0.01      0.00     97.79
                all      0.46      0.00      1.78      0.00      0.00     97.76
start----
                all      1.81      0.00      5.86      0.03      0.00     92.30
                all      2.67      0.00      3.55      0.01      0.00     93.77
end------
                all      0.31      0.00      1.79      0.04      0.00     97.85
                all      0.46      0.00      1.77      0.00      0.00     97.77
                all      0.49      0.00      1.74      0.00      0.00     97.78
                all      0.46      0.00      1.74      0.00      0.00     97.80
start----
                all      0.34      0.00      1.21      0.03      0.00     98.42
                all      4.55      0.00      7.97      0.04      0.00     87.44
end------
                all      0.09      0.00      0.34      0.01      0.00     99.56
                all      0.49      0.00      1.74      0.00      0.00     97.77
                all      0.45      0.00      1.80      0.00      0.00     97.76
                all      0.50      0.00      1.77      0.00      0.00     97.73
                all      0.68      0.00      2.09      0.03      0.00     97.19
start----
                all      4.22      0.00      7.63      0.07      0.00     88.08
end------
                all      0.04      0.00      0.19      0.00      0.00     99.76
                all      0.49      0.00      1.72      0.00      0.00     97.79
                all      0.49      0.00      1.72      0.01      0.00     97.77
                all      0.49      0.00      1.74      0.00      0.00     97.78
                all      0.46      0.00      1.72      0.00      0.00     97.82
                all      8.75      0.00      8.61      0.42      0.00     82.23
                all      0.44      0.00      1.79      0.01      0.00     97.75
                all      0.48      0.00      1.74      0.00      0.00     97.78
                all      0.49      0.00      1.72      0.00      0.00     97.79
                all      0.47      0.00      1.75      0.00      0.00     97.77
                all      0.44      0.00      1.78      0.00      0.00     97.78
                all      0.45      0.00      1.77      0.00      0.00     97.79
start----
                all      2.79      0.00      4.75      0.12      0.00     92.35
end------
                all      0.15      0.00      0.61      0.00      0.00     99.24
                all      0.47      0.00      1.72      0.00      0.00     97.80
                all      0.46      0.00      1.75      0.31      0.00     97.48
                all      0.50      0.00      1.71      0.00      0.00     97.79
start----
                all      0.47      0.00      2.67      0.10      0.00     96.75
                all      2.39      0.00      2.96      0.00      0.00     94.65
end------
                all      0.28      0.00      1.25      0.00      0.00     98.47
                all      0.47      0.00      1.71      0.00      0.00     97.82
                all      0.46      0.00      1.78      0.00      0.00     97.76
                all      0.46      0.00      1.75      0.00      0.00     97.79
start----
                all      2.22      0.00      4.68      0.06      0.00     93.04
end------
                all      0.07      0.00      0.31      0.00      0.00     99.61
                all      0.46      0.00      1.74      0.00      0.00     97.80
                all      0.46      0.00      1.74      0.01      0.00     97.79
                all      0.46      0.00      1.74      0.00      0.00     97.80
                all      0.50      0.00      1.74      0.00      0.00     97.76
start----
                all      2.04      0.00      4.16      0.10      0.00     93.69
end------
                all      0.16      0.00      0.55      0.01      0.00     99.27
                all      0.47      0.00      1.74      0.00      0.00     97.79
                all      0.47      0.00      1.77      0.00      0.00     97.76
                all      0.45      0.00      1.77      0.00      0.00     97.79
                all      0.44      0.00      1.54      0.00      0.00     98.01
start----
                all      2.42      0.00      4.36      0.06      0.00     93.15
end------
                all      0.19      0.00      0.82      0.00      0.00     98.99
                all      0.47      0.00      1.74      0.00      0.00     97.79
                all      0.46      0.00      1.75      0.01      0.00     97.77
                all      0.43      0.00      1.81      0.00      0.00     97.76
                all      0.36      0.00      1.41      0.00      0.00     98.24
start----
                all      1.92      0.00      4.28      0.07      0.00     93.72
end------
                all      0.25      0.00      1.03      0.00      0.00     98.71
                all      0.46      0.00      1.77      0.00      0.00     97.77
                all      0.47      0.00      1.75      0.00      0.00     97.77
                all      0.45      0.00      1.75      0.00      0.00     97.80
start----
                all      0.34      0.00      1.23      0.03      0.00     98.40
                all      2.38      0.00      4.02      0.04      0.00     93.56
end------
                all      0.28      0.00      1.12      0.00      0.00     98.60
                all      0.46      0.00      1.75      0.00      0.00     97.79
                all      0.46      0.00      1.78      0.31      0.00     97.45
                all      0.46      0.00      1.77      0.00      0.00     97.77
start----
                all      2.04      0.00      4.93      0.07      0.00     92.96
end------
                all      0.00      0.00      0.07      0.00      0.00     99.93
                all      0.40      0.00      1.75      0.00      0.00     97.85
                all      0.46      0.00      1.78      0.22      0.00     97.54
                all      0.45      0.00      1.77      0.06      0.00     97.73
                all      0.55      0.00      1.74      0.00      0.00     97.72
start----
                all      2.53      0.00      4.36      0.07      0.00     93.04
end------
                all      0.16      0.00      0.60      0.00      0.00     99.23
                all      0.47      0.00      1.72      0.00      0.00     97.80
                all      0.49      0.00      1.78      0.30      0.00     97.43
                all      0.46      0.00      1.77      0.00      0.00     97.77
start----
                all      0.49      0.00      3.08      0.04      0.00     96.38
                all      2.41      0.00      2.51      0.03      0.00     95.05
end------
                all      0.30      0.00      1.23      0.00      0.00     98.47
                all      0.46      0.00      1.72      0.00      0.00     97.82
                all      0.47      0.00      1.77      0.30      0.00     97.46
                all      0.47      0.00      1.75      0.00      0.00     97.77
                all      2.62      0.00      6.03      0.12      0.00     91.23
                all      0.46      0.00      1.77      0.03      0.00     97.74
                all      0.46      0.00      1.76      0.00      0.00     97.78
                all      0.49      0.00      1.91      0.01      0.00     97.58
                all      0.49      0.00      1.72      0.00      0.00     97.79
                all      0.47      0.00      1.75      0.00      0.00     97.78
                all      0.44      0.00      1.71      0.00      0.00     97.85
start----
                all      2.46      0.00      4.50      0.06      0.00     92.98
end------
                all      0.09      0.00      0.49      0.00      0.00     99.42
                all      0.43      0.00      1.79      0.00      0.00     97.78
                all      0.43      0.00      1.84      0.00      0.00     97.73
                all      0.46      0.00      1.77      0.00      0.00     97.77
                all      0.40      0.00      1.47      0.00      0.00     98.13
start----
                all      2.04      0.00      4.18      0.13      0.00     93.65
end------
                all      0.27      0.00      0.88      0.01      0.00     98.84
                all      0.45      0.00      1.77      0.00      0.00     97.79
                all      0.47      0.00      1.75      0.00      0.00     97.77
                all      0.44      0.00      1.78      0.00      0.00     97.78
start----
                all      0.36      0.00      1.27      0.01      0.00     98.36
                all      2.42      0.00      4.27      0.13      0.00     93.18
end------
                all      0.25      0.00      0.94      0.00      0.00     98.81
                all      0.49      0.00      1.75      0.00      0.00     97.76
                all      0.50      0.00      1.72      0.00      0.00     97.77
                all      0.49      0.00      1.75      0.00      0.00     97.76
start----
                all      0.38      0.00      2.23      0.06      0.00     97.32
                all      1.61      0.00      3.15      0.03      0.00     95.20
end------
                all      0.33      0.00      1.40      0.00      0.00     98.27
                all      0.45      0.00      1.75      0.00      0.00     97.80
                all      0.49      0.00      1.75      0.00      0.00     97.76
                all      0.44      0.00      1.79      0.00      0.00     97.76
start----
                all      2.66      0.00      5.00      0.09      0.00     92.26
end------
                all      0.03      0.00      0.12      0.00      0.00     99.85
                all      0.47      0.00      1.76      0.00      0.00     97.76
                all      0.43      0.00      1.78      0.00      0.00     97.79
                all      0.49      0.00      1.72      0.00      0.00     97.79
                all      0.43      0.00      1.81      0.00      0.00     97.76
start----
                all      2.04      0.00      4.27      0.06      0.00     93.63
end------
                all      0.16      0.00      0.71      0.00      0.00     99.12
                all      0.43      0.00      1.75      0.00      0.00     97.82
                all      0.47      0.00      1.79      0.27      0.00     97.46
                all      0.49      0.00      1.74      0.00      0.00     97.77
start----
                all      0.79      0.00      3.87      0.07      0.00     95.27
                all      2.01      0.00      1.92      0.01      0.00     96.06
end------
                all      0.34      0.00      1.32      0.00      0.00     98.33
                all      0.43      0.00      1.78      0.00      0.00     97.79
                all      0.46      0.00      1.77      0.31      0.00     97.46
                all      0.47      0.00      1.75      0.00      0.00     97.77
start----
                all      2.07      0.00      5.09      0.04      0.00     92.79
end------
                all      0.06      0.00      0.19      0.01      0.00     99.73
                all      0.50      0.00      1.74      0.00      0.00     97.76
                all      0.47      0.00      1.75      0.28      0.00     97.49
                all      0.47      0.00      1.74      0.00      0.00     97.79
                all      0.46      0.00      1.77      0.00      0.00     97.77
start----
                all      2.58      0.00      4.23      0.15      0.00     93.04
end------
                all      0.19      0.00      0.80      0.00      0.00     99.00
                all      0.49      0.00      1.74      0.00      0.00     97.78
                all      0.46      0.00      1.79      0.30      0.00     97.45
                all      0.45      0.00      1.78      0.00      0.00     97.77
start----
                all      1.50      0.00      4.43      0.09      0.00     93.98
                all      0.81      0.00      1.07      0.00      0.00     98.13
end------
                all      0.39      0.00      1.37      0.00      0.00     98.24
                all      0.45      0.00      1.74      0.00      0.00     97.82
                all      0.47      0.00      1.78      0.01      0.00     97.73
                all      0.52      0.00      1.90      0.00      0.00     97.58
                all      3.09      0.00      6.78      0.12      0.00     90.01
                all      0.49      0.00      1.75      0.01      0.00     97.75
                all      0.43      0.00      1.80      0.00      0.00     97.77
                all      0.47      0.00      1.75      0.00      0.00     97.77
                all      0.47      0.00      1.72      0.00      0.00     97.80
                all      0.49      0.00      1.75      0.00      0.00     97.76
start----
                all      0.40      0.00      1.70      0.01      0.00     97.88
                all      2.47      0.00      4.74      0.10      0.00     92.69
end------
                all      0.24      0.00      0.98      0.00      0.00     98.78
                all      0.43      0.00      1.78      0.00      0.00     97.79
                all      0.43      0.00      1.81      0.00      0.00     97.76
                all      0.44      0.00      1.78      0.00      0.00     97.78
start----
                all      0.37      0.00      1.45      0.04      0.00     98.13
