
Linux 5.2.8200225+ (knl03.kisti.re.kr) 	2020년 03월 26일 	_x86_64_	(68 CPU)

                CPU     %user     %nice   %system   %iowait    %steal     %idle
                all      0.13      0.00      0.35      0.00      0.00     99.51
                all      0.07      0.00      0.28      0.59      0.00     99.06
                all      0.06      0.00      0.24      1.47      0.00     98.23
                all      0.04      0.00      0.22      1.47      0.00     98.26
                all      0.06      0.00      0.24      1.43      0.00     98.28
                all      0.06      0.00      0.44      1.05      0.00     98.45
                all      0.09      0.00      0.31      0.25      0.00     99.35
                all      0.12      0.00      0.29      0.04      0.00     99.54
                all      0.35      0.00      0.64      0.09      0.00     98.92
                all      0.07      0.00      0.22      0.00      0.00     99.70
                all      0.04      0.00      0.22      0.00      0.00     99.73
                all      0.06      0.00      0.24      0.00      0.00     99.71
                all      1.23      0.00      1.85      0.10      0.00     96.83
                all      0.06      0.00      0.26      0.01      0.00     99.66
                all      0.09      0.00      0.39      0.01      0.00     99.51
                all      0.06      0.00      0.22      0.00      0.00     99.72
                all      0.06      0.00      0.22      0.00      0.00     99.72
                all      0.04      0.00      0.24      0.00      0.00     99.72
start----
                all      0.09      0.00      0.25      0.00      0.00     99.66
                all      0.98      0.00      1.77      0.07      0.00     97.17
end------
                all      0.27      0.00      0.98      0.00      0.00     98.75
                all      0.43      0.00      1.78      0.00      0.00     97.79
                all      0.46      0.00      1.75      0.27      0.00     97.52
                all      0.43      0.00      1.77      0.00      0.00     97.80
start----
                all      1.48      0.00      2.68      0.07      0.00     95.76
end------
                all      0.03      0.00      0.07      0.00      0.00     99.90
                all      0.42      0.00      1.75      0.00      0.00     97.83
                all      0.45      0.00      1.77      0.01      0.00     97.77
                all      0.43      0.00      1.75      0.00      0.00     97.82
                all      0.47      0.00      1.75      0.00      0.00     97.77
start----
                all      1.26      0.00      2.17      0.09      0.00     96.47
end------
                all      0.09      0.00      0.31      0.00      0.00     99.60
                all      0.45      0.00      1.78      0.00      0.00     97.77
                all      0.42      0.00      1.80      0.01      0.00     97.77
                all      0.46      0.00      1.80      0.00      0.00     97.74
                all      0.45      0.00      1.75      0.00      0.00     97.80
start----
                all      0.97      0.00      1.79      0.18      0.00     97.06
end------
                all      0.24      0.00      0.98      0.00      0.00     98.78
                all      0.50      0.00      1.71      0.00      0.00     97.79
                all      0.47      0.00      1.75      0.00      0.00     97.77
                all      0.47      0.00      1.72      0.00      0.00     97.80
start----
                all      1.39      0.00      2.89      0.06      0.00     95.66
end------
                all      0.01      0.00      0.13      0.00      0.00     99.85
                all      0.43      0.00      1.69      0.00      0.00     97.88
                all      0.47      0.00      1.74      0.01      0.00     97.77
                all      0.42      0.00      1.80      0.00      0.00     97.79
                all      0.46      0.00      1.81      0.00      0.00     97.73
start----
                all      1.02      0.00      2.07      0.09      0.00     96.82
end------
                all      0.16      0.00      0.70      0.00      0.00     99.14
                all      0.43      0.00      1.77      0.00      0.00     97.80
                all      0.46      0.00      1.75      0.01      0.00     97.77
                all      0.47      0.00      1.74      0.00      0.00     97.79
start----
                all      0.41      0.00      1.44      0.25      0.00     97.90
                all      1.20      0.00      1.80      0.04      0.00     96.95
end------
                all      0.27      0.00      1.03      0.00      0.00     98.71
                all      0.45      0.00      1.77      0.00      0.00     97.79
                all      0.45      0.00      1.77      0.01      0.00     97.77
                all      0.45      0.00      1.80      0.00      0.00     97.76
start----
                all      0.37      0.00      1.79      0.04      0.00     97.79
                all      0.69      0.00      1.17      0.01      0.00     98.13
end------
                all      0.36      0.00      1.37      0.00      0.00     98.27
                all      0.45      0.00      1.77      0.00      0.00     97.79
                all      0.45      0.00      1.78      0.00      0.00     97.77
                all      0.46      0.00      1.77      0.00      0.00     97.78
start----
                all      1.33      0.00      2.62      0.06      0.00     95.99
                all      0.01      0.00      0.09      0.03      0.00     99.87
end------
                all      0.46      0.00      1.65      0.00      0.00     97.89
                all      0.39      0.00      1.83      0.01      0.00     97.77
                all      0.46      0.00      1.74      0.00      0.00     97.80
                all      0.43      0.00      1.80      0.00      0.00     97.77
start----
                all      1.16      0.00      2.06      0.06      0.00     96.72
end------
                all      0.13      0.00      0.55      0.00      0.00     99.32
                all      0.46      0.00      1.77      0.00      0.00     97.77
                all      0.46      0.00      1.75      0.33      0.00     97.46
                all      0.47      0.00      1.87      0.01      0.00     97.64
                all      0.56      0.00      2.45      0.01      0.00     96.97
                all      1.57      0.00      2.70      0.01      0.00     95.71
                all      0.44      0.00      1.77      0.01      0.00     97.77
                all      0.45      0.00      1.79      0.00      0.00     97.76
                all      0.45      0.00      1.74      0.00      0.00     97.82
                all      0.42      0.00      1.82      0.00      0.00     97.76
                all      0.45      0.00      1.78      0.00      0.00     97.77
start----
                all      1.34      0.00      2.48      0.07      0.00     96.11
end------
                all      0.01      0.00      0.06      0.00      0.00     99.93
                all      0.47      0.00      1.72      0.00      0.00     97.80
                all      0.45      0.00      1.81      0.00      0.00     97.74
                all      0.45      0.00      1.75      0.00      0.00     97.80
                all      0.45      0.00      1.78      0.00      0.00     97.77
start----
                all      1.03      0.00      2.00      0.06      0.00     96.92
end------
                all      0.12      0.00      0.40      0.00      0.00     99.48
                all      0.45      0.00      1.78      0.00      0.00     97.77
                all      0.46      0.00      1.78      0.28      0.00     97.48
                all      0.47      0.00      1.79      0.00      0.00     97.73
start----
                all      0.42      0.00      1.63      0.01      0.00     97.94
                all      1.16      0.00      1.85      0.07      0.00     96.92
end------
                all      0.33      0.00      1.19      0.00      0.00     98.48
                all      0.46      0.00      1.74      0.00      0.00     97.80
                all      0.45      0.00      1.75      0.01      0.00     97.79
                all      0.45      0.00      1.77      0.00      0.00     97.79
start----
                all      1.17      0.00      2.73      0.06      0.00     96.04
end------
                all      0.03      0.00      0.09      0.00      0.00     99.88
                all      0.45      0.00      1.77      0.00      0.00     97.79
                all      0.45      0.00      1.78      0.01      0.00     97.76
                all      0.46      0.00      1.77      0.00      0.00     97.77
                all      0.40      0.00      1.82      0.00      0.00     97.77
start----
                all      1.28      0.00      2.06      0.07      0.00     96.59
end------
                all      0.10      0.00      0.41      0.00      0.00     99.48
                all      0.46      0.00      1.74      0.00      0.00     97.80
                all      0.45      0.00      1.77      0.01      0.00     97.77
                all      0.46      0.00      1.77      0.00      0.00     97.77
                all      0.42      0.00      1.59      0.00      0.00     98.00
start----
                all      1.22      0.00      1.93      0.04      0.00     96.80
end------
                all      0.27      0.00      0.77      0.00      0.00     98.96
                all      0.49      0.00      1.72      0.00      0.00     97.79
                all      0.47      0.00      1.75      0.01      0.00     97.76
                all      0.46      0.00      1.78      0.00      0.00     97.76
start----
                all      0.33      0.00      1.32      0.01      0.00     98.34
                all      0.92      0.00      1.83      0.07      0.00     97.17
end------
                all      0.30      0.00      1.11      0.00      0.00     98.59
                all      0.46      0.00      1.75      0.00      0.00     97.79
                all      0.45      0.00      1.78      0.27      0.00     97.51
                all      0.47      0.00      1.72      0.00      0.00     97.80
start----
                all      1.43      0.00      2.77      0.09      0.00     95.72
end------
                all      0.03      0.00      0.15      0.00      0.00     99.82
                all      0.43      0.00      1.78      0.00      0.00     97.79
                all      0.46      0.00      1.77      0.00      0.00     97.77
                all      0.43      0.00      1.78      0.00      0.00     97.79
                all      0.46      0.00      1.77      0.00      0.00     97.77
start----
                all      1.03      0.00      1.98      0.10      0.00     96.89
end------
                all      0.09      0.00      0.44      0.00      0.00     99.47
                all      0.46      0.00      1.72      0.00      0.00     97.82
                all      0.47      0.00      1.78      0.00      0.00     97.74
                all      0.46      0.00      1.78      0.00      0.00     97.76
start----
                all      0.46      0.00      1.56      0.01      0.00     97.97
                all      1.20      0.00      1.80      0.07      0.00     96.92
end------
                all      0.34      0.00      1.31      0.00      0.00     98.35
                all      0.49      0.00      1.71      0.00      0.00     97.80
                all      0.45      0.00      1.78      0.00      0.00     97.77
                all      0.45      0.00      1.78      0.00      0.00     97.77
                all      1.43      0.00      3.49      0.34      0.00     94.74
                all      0.43      0.00      1.90      0.00      0.00     97.67
                all      0.44      0.00      1.79      0.01      0.00     97.76
                all      0.46      0.00      1.78      0.00      0.00     97.76
                all      0.43      0.00      1.77      0.00      0.00     97.80
                all      0.45      0.00      1.78      0.00      0.00     97.77
                all      0.45      0.00      1.75      0.00      0.00     97.80
start----
                all      1.35      0.00      2.31      0.09      0.00     96.25
end------
                all      0.16      0.00      0.68      0.00      0.00     99.15
                all      0.47      0.00      1.72      0.00      0.00     97.80
                all      0.46      0.00      1.75      0.00      0.00     97.79
                all      0.49      0.00      1.75      0.00      0.00     97.76
start----
                all      0.40      0.00      1.42      0.00      0.00     98.18
                all      1.01      0.00      1.97      0.09      0.00     96.94
end------
                all      0.24      0.00      0.94      0.00      0.00     98.83
                all      0.46      0.00      1.77      0.00      0.00     97.78
                all      0.46      0.00      1.78      0.00      0.00     97.76
                all      0.45      0.00      1.74      0.00      0.00     97.82
start----
                all      0.34      0.00      1.29      0.01      0.00     98.36
                all      1.20      0.00      1.84      0.06      0.00     96.90
end------
                all      0.33      0.00      1.25      0.00      0.00     98.42
                all      0.52      0.00      1.71      0.00      0.00     97.77
                all      0.46      0.00      1.77      0.00      0.00     97.77
                all      0.46      0.00      1.80      0.00      0.00     97.74
start----
                all      1.14      0.00      2.69      0.10      0.00     96.07
end------
                all      0.06      0.00      0.25      0.00      0.00     99.69
                all      0.47      0.00      1.72      0.00      0.00     97.80
                all      0.47      0.00      1.75      0.01      0.00     97.76
                all      0.46      0.00      1.74      0.00      0.00     97.80
                all      0.46      0.00      1.77      0.00      0.00     97.77
start----
                all      1.22      0.00      2.02      0.04      0.00     96.72
end------
                all      0.27      0.00      0.98      0.00      0.00     98.75
                all      0.43      0.00      1.79      0.00      0.00     97.78
                all      0.49      0.00      1.78      0.01      0.00     97.71
                all      0.50      0.00      1.77      0.00      0.00     97.73
start----
                all      1.66      0.00      3.39      0.13      0.00     94.82
                all      0.03      0.00      0.10      0.01      0.00     99.85
end------
                all      0.40      0.00      1.64      0.00      0.00     97.96
                all      0.45      0.00      1.78      0.00      0.00     97.77
                all      0.45      0.00      1.75      0.00      0.00     97.80
                all      0.46      0.00      1.76      0.00      0.00     97.78
start----
                all      1.33      0.00      2.38      0.07      0.00     96.22
end------
                all      0.16      0.00      0.66      0.00      0.00     99.17
                all      0.52      0.00      1.71      0.00      0.00     97.77
                all      0.49      0.00      1.74      0.00      0.00     97.78
                all      0.47      0.00      1.74      0.00      0.00     97.79
start----
                all      0.39      0.00      1.60      0.03      0.00     97.98
                all      1.20      0.00      1.82      0.06      0.00     96.93
end------
                all      0.33      0.00      1.34      0.00      0.00     98.33
                all      0.49      0.00      1.71      0.00      0.00     97.80
                all      0.43      0.00      1.79      0.00      0.00     97.77
                all      0.43      0.00      1.83      0.00      0.00     97.74
start----
                all      1.21      0.00      2.65      0.07      0.00     96.07
end------
                all      0.06      0.00      0.25      0.00      0.00     99.69
                all      0.45      0.00      1.77      0.00      0.00     97.79
                all      0.47      0.00      1.75      0.00      0.00     97.77
                all      0.52      0.00      1.90      0.01      0.00     97.57
                all      0.47      0.00      1.72      0.00      0.00     97.80
start----
                all      1.23      0.00      2.07      0.07      0.00     96.63
end------
                all      0.24      0.00      0.98      0.00      0.00     98.78
                all      0.45      0.00      1.74      0.00      0.00     97.82
                all      0.46      0.00      1.77      0.00      0.00     97.77
                all      0.43      0.00      1.77      0.00      0.00     97.80
                all      0.47      0.00      1.85      0.31      0.00     97.36
                all      1.65      0.00      5.14      0.06      0.00     93.15
                all      0.43      0.00      1.77      0.01      0.00     97.78
                all      0.43      0.00      1.79      0.00      0.00     97.78
                all      0.47      0.00      1.75      0.00      0.00     97.78
                all      0.40      0.00      1.77      0.00      0.00     97.83
                all      0.47      0.00      1.75      0.00      0.00     97.77
start----
                all      1.73      0.00      3.90      0.07      0.00     94.30
                all      0.03      0.00      0.10      0.00      0.00     99.87
end------
                all      0.46      0.00      1.60      0.00      0.00     97.94
                all      0.42      0.00      1.80      0.10      0.00     97.69
                all      0.46      0.00      1.87      0.18      0.00     97.49
                all      0.46      0.00      1.74      0.00      0.00     97.80
start----
                all      1.31      0.00      3.38      0.07      0.00     95.23
end------
                all      0.12      0.00      0.50      0.00      0.00     99.38
                all      0.47      0.00      1.75      0.00      0.00     97.78
                all      0.46      0.00      1.77      0.30      0.00     97.48
                all      0.47      0.00      1.76      0.00      0.00     97.76
start----
                all      0.43      0.00      1.57      0.01      0.00     97.98
                all      1.49      0.00      2.98      0.04      0.00     95.49
end------
                all      0.24      0.00      1.11      0.00      0.00     98.65
                all      0.45      0.00      1.75      0.00      0.00     97.80
                all      0.50      0.00      1.71      0.00      0.00     97.79
                all      0.47      0.00      1.75      0.00      0.00     97.78
start----
                all      0.50      0.00      2.06      0.07      0.00     97.36
                all      1.20      0.00      2.01      0.01      0.00     96.77
end------
                all      0.34      0.00      1.20      0.00      0.00     98.45
                all      0.47      0.00      1.74      0.00      0.00     97.79
                all      0.43      0.00      1.81      0.01      0.00     97.75
                all      0.59      0.00      2.14      0.01      0.00     97.25
start----
                all      1.46      0.00      3.83      0.18      0.00     94.54
end------
                all      0.01      0.00      0.10      0.00      0.00     99.88
                all      0.47      0.00      1.75      0.00      0.00     97.77
                all      0.46      0.00      1.75      0.25      0.00     97.54
                all      0.43      0.00      1.79      0.03      0.00     97.75
                all      0.49      0.00      1.74      0.00      0.00     97.77
start----
                all      1.48      0.00      3.20      0.07      0.00     95.24
end------
                all      0.15      0.00      0.67      0.00      0.00     99.18
                all      0.46      0.00      1.75      0.00      0.00     97.79
                all      0.50      0.00      1.74      0.19      0.00     97.57
                all      0.46      0.00      1.77      0.00      0.00     97.77
start----
                all      0.34      0.00      1.47      0.01      0.00     98.18
                all      1.44      0.00      3.03      0.04      0.00     95.48
end------
                all      0.21      0.00      0.79      0.00      0.00     99.00
                all      0.44      0.00      1.75      0.00      0.00     97.80
                all      0.45      0.00      1.77      0.28      0.00     97.51
                all      0.47      0.00      1.74      0.00      0.00     97.79
start----
                all      1.13      0.00      3.28      0.07      0.00     95.52
                all      0.67      0.00      0.98      0.01      0.00     98.33
end------
                all      0.36      0.00      1.42      0.00      0.00     98.23
                all      0.47      0.00      1.72      0.00      0.00     97.80
                all      0.46      0.00      1.87      0.00      0.00     97.67
                all      0.49      0.00      1.72      0.00      0.00     97.79
start----
                all      1.44      0.00      3.79      0.07      0.00     94.70
end------
                all      0.03      0.00      0.12      0.01      0.00     99.84
                all      0.47      0.00      1.69      0.00      0.00     97.83
                all      0.46      0.00      1.75      0.00      0.00     97.79
                all      0.47      0.00      1.75      0.00      0.00     97.77
                all      0.49      0.00      1.72      0.00      0.00     97.79
start----
                all      1.52      0.00      3.41      0.07      0.00     95.00
end------
                all      0.04      0.00      0.15      0.00      0.00     99.81
                all      0.50      0.00      1.71      0.00      0.00     97.79
                all      0.47      0.00      1.75      0.00      0.00     97.77
                all      0.45      0.00      1.78      0.00      0.00     97.77
                all      0.45      0.00      1.77      0.00      0.00     97.79
                all      2.92      0.00      7.29      0.06      0.00     89.73
                all      5.30      0.00      5.87      0.00      0.00     88.83
                all      0.46      0.00      1.78      0.01      0.00     97.75
                all      0.46      0.00      1.77      0.00      0.00     97.76
                all      0.48      0.00      2.30      0.00      0.00     97.23
                all      0.46      0.00      1.77      0.00      0.00     97.77
                all      0.46      0.00      1.75      0.00      0.00     97.79
start----
                all      0.36      0.00      1.30      0.01      0.00     98.33
                all      4.51      0.00      7.39      0.09      0.00     88.01
end------
                all      0.09      0.00      0.39      0.00      0.00     99.53
                all      0.44      0.00      1.77      0.00      0.00     97.79
                all      0.46      0.00      1.77      0.00      0.00     97.77
                all      0.47      0.00      1.76      0.00      0.00     97.76
                all      0.45      0.00      1.75      0.00      0.00     97.80
start----
                all      4.55      0.00      8.55      0.07      0.00     86.83
                all      0.03      0.00      0.18      0.01      0.00     99.78
end------
                all      0.37      0.00      1.66      0.00      0.00     97.97
                all      0.47      0.00      1.75      0.00      0.00     97.77
                all      0.46      0.00      1.75      0.00      0.00     97.79
                all      0.46      0.00      1.74      0.00      0.00     97.80
start----
                all      1.32      0.00      6.99      0.09      0.00     91.60
                all      2.61      0.00      3.48      0.01      0.00     93.90
end------
                all      0.34      0.00      1.12      0.00      0.00     98.54
                all      0.45      0.00      1.75      0.00      0.00     97.80
                all      0.46      0.00      1.79      0.01      0.00     97.73
                all      0.47      0.00      1.81      0.00      0.00     97.71
start----
                all      1.14      0.00      4.27      0.07      0.00     94.52
                all      2.80      0.00      6.90      0.01      0.00     90.29
end------
                all      0.22      0.00      0.92      0.00      0.00     98.85
                all      0.46      0.00      1.72      0.00      0.00     97.82
                all      0.47      0.00      1.77      0.00      0.00     97.76
                all      0.43      0.00      1.77      0.00      0.00     97.80
start----
                all      0.37      0.00      1.44      0.01      0.00     98.18
                all      4.21      0.00      8.02      0.09      0.00     87.68
end------
                all      0.06      0.00      0.55      0.00      0.00     99.39
                all      0.47      0.00      1.77      0.00      0.00     97.76
                all      0.45      0.00      1.75      0.00      0.00     97.80
                all      0.46      0.00      1.74      0.00      0.00     97.80
                all      0.45      0.00      1.78      0.00      0.00     97.77
start----
                all      3.10      0.00      4.11      0.07      0.00     92.72
                all      2.05      0.00      2.68      0.01      0.00     95.25
end------
                all      0.28      0.00      1.13      0.00      0.00     98.59
                all      0.46      0.00      1.77      0.00      0.00     97.77
                all      0.45      0.00      1.77      0.00      0.00     97.79
                all      0.43      0.00      1.78      0.00      0.00     97.79
start----
                all      1.17      0.00      5.48      0.09      0.00     93.26
                all      3.56      0.00      4.07      0.01      0.00     92.36
end------
                all      0.22      0.00      0.83      0.00      0.00     98.95
                all      0.52      0.00      1.87      0.01      0.00     97.60
                all      0.47      0.00      1.75      0.00      0.00     97.77
                all      0.49      0.00      1.74      0.00      0.00     97.78
start----
                all      0.30      0.00      1.36      0.00      0.00     98.34
                all      4.28      0.00      7.98      0.09      0.00     87.66
end------
                all      0.09      0.00      0.37      0.00      0.00     99.54
                all      0.40      0.00      1.81      0.00      0.00     97.79
                all      0.49      0.00      1.77      0.00      0.00     97.75
                all      0.45      0.00      1.75      0.00      0.00     97.80
                all      0.46      0.00      1.79      0.00      0.00     97.75
start----
                all      3.68      0.00     10.32      0.07      0.00     85.93
                all      0.01      0.00      0.18      0.03      0.00     99.78
end------
                all      0.42      0.00      2.20      0.00      0.00     97.38
                all      0.47      0.00      1.75      0.01      0.00     97.76
                all      0.46      0.00      1.78      0.00      0.00     97.76
                all      0.45      0.00      1.77      0.00      0.00     97.79
start----
                all      1.52      0.00      5.44      0.07      0.00     92.96
                all      3.09      0.00      3.23      0.00      0.00     93.68
end------
                all      0.33      0.00      1.13      0.00      0.00     98.54
                all      0.50      0.00      1.72      0.00      0.00     97.78
                all      0.44      0.00      1.79      0.01      0.00     97.75
                all      0.44      0.00      1.78      0.00      0.00     97.78
                all      0.49      0.00      1.87      0.31      0.00     97.33
                all      8.82      0.00      8.62      0.04      0.00     82.51
                all      0.47      0.00      1.79      0.01      0.00     97.73
                all      0.46      0.00      1.77      0.00      0.00     97.76
                all      0.47      0.00      1.72      0.00      0.00     97.80
                all      0.47      0.00      1.78      0.00      0.00     97.74
                all      0.44      0.00      1.78      0.00      0.00     97.78
start----
                all      2.54      0.00      5.35      0.06      0.00     92.05
                all      0.06      0.00      0.18      0.01      0.00     99.75
end------
                all      0.37      0.00      1.50      0.00      0.00     98.13
                all      0.42      0.00      1.81      0.00      0.00     97.77
                all      0.45      0.00      1.78      0.00      0.00     97.77
                all      0.45      0.00      1.78      0.00      0.00     97.77
start----
                all      2.46      0.00      4.90      0.12      0.00     92.53
                all      0.03      0.00      0.06      0.00      0.00     99.91
end------
                all      0.49      0.00      1.75      0.00      0.00     97.76
                all      0.49      0.00      1.74      0.00      0.00     97.77
                all      0.82      0.00      2.29      0.04      0.00     96.85
                all      0.46      0.00      1.77      0.00      0.00     97.77
start----
                all      2.10      0.00      4.02      0.07      0.00     93.81
end------
                all      0.18      0.00      0.62      0.00      0.00     99.20
                all      0.43      0.00      1.78      0.00      0.00     97.79
                all      0.47      0.00      1.74      0.30      0.00     97.49
                all      0.46      0.00      1.78      0.00      0.00     97.76
start----
                all      0.64      0.00      3.28      0.04      0.00     96.04
                all      2.15      0.00      2.30      0.01      0.00     95.54
end------
                all      0.34      0.00      1.25      0.00      0.00     98.41
                all      0.47      0.00      1.75      0.00      0.00     97.77
                all      0.43      0.00      1.81      0.00      0.00     97.76
                all      0.45      0.00      1.78      0.00      0.00     97.77
start----
                all      2.16      0.00      4.56      0.09      0.00     93.19
end------
                all      0.03      0.00      0.13      0.00      0.00     99.84
                all      0.46      0.00      1.77      0.00      0.00     97.78
                all      0.47      0.00      1.78      0.28      0.00     97.46
                all      0.45      0.00      1.78      0.00      0.00     97.77
                all      0.49      0.00      1.77      0.00      0.00     97.74
start----
                all      2.23      0.00      4.41      0.12      0.00     93.24
end------
                all      0.19      0.00      0.77      0.00      0.00     99.04
                all      0.49      0.00      1.93      0.01      0.00     97.57
                all      0.49      0.00      1.74      0.00      0.00     97.77
                all      0.46      0.00      1.77      0.00      0.00     97.77
start----
                all      0.34      0.00      1.30      0.01      0.00     98.34
                all      2.08      0.00      4.00      0.06      0.00     93.86
end------
                all      0.25      0.00      1.19      0.00      0.00     98.56
                all      0.49      0.00      1.74      0.00      0.00     97.77
                all      0.47      0.00      1.77      0.00      0.00     97.76
                all      0.46      0.00      1.78      0.00      0.00     97.76
start----
                all      2.71      0.00      5.01      0.09      0.00     92.19
                all      0.01      0.00      0.13      0.01      0.00     99.84
end------
                all      0.43      0.00      1.62      0.00      0.00     97.95
                all      0.46      0.00      1.77      0.10      0.00     97.67
                all      0.46      0.00      1.75      0.10      0.00     97.68
                all      0.46      0.00      1.78      0.00      0.00     97.76
start----
                all      2.43      0.00      4.81      0.07      0.00     92.69
end------
                all      0.01      0.00      0.10      0.00      0.00     99.88
                all      0.45      0.00      1.80      0.00      0.00     97.76
                all      0.47      0.00      1.75      0.00      0.00     97.77
                all      0.46      0.00      1.81      0.00      0.00     97.73
                all      0.47      0.00      1.77      0.00      0.00     97.76
start----
                all      1.95      0.00      4.35      0.07      0.00     93.63
end------
                all      0.16      0.00      0.56      0.00      0.00     99.27
                all      0.46      0.00      1.75      0.00      0.00     97.79
                all      0.47      0.00      1.76      0.01      0.00     97.75
                all      0.46      0.00      1.76      0.00      0.00     97.78
                all      0.46      0.00      1.77      0.04      0.00     97.73
                all      2.94      0.00      6.04      0.31      0.00     90.71
                all      0.43      0.00      1.82      0.01      0.00     97.74
                all      0.45      0.00      1.76      0.00      0.00     97.79
                all      0.46      0.00      1.76      0.00      0.00     97.78
                all      0.47      0.00      1.78      0.00      0.00     97.75
                all      0.45      0.00      1.78      0.00      0.00     97.77
start----
                all      1.85      0.00      4.45      0.07      0.00     93.63
                all      0.53      0.00      0.92      0.00      0.00     98.55
end------
                all      0.36      0.00      1.43      0.00      0.00     98.21
                all      0.46      0.00      1.77      0.00      0.00     97.77
                all      0.47      0.00      1.80      0.34      0.00     97.39
                all      0.47      0.00      1.75      0.00      0.00     97.77
start----
                all      2.54      0.00      5.00      0.07      0.00     92.39
end------
                all      0.07      0.00      0.28      0.00      0.00     99.65
                all      0.44      0.00      1.81      0.00      0.00     97.75
                all      0.45      0.00      1.78      0.28      0.00     97.49
                all      0.46      0.00      1.78      0.00      0.00     97.76
                all      0.45      0.00      1.77      0.00      0.00     97.79
start----
                all      2.07      0.00      4.03      0.12      0.00     93.78
end------
                all      0.22      0.00      0.86      0.00      0.00     98.92
                all      0.44      0.00      1.78      0.00      0.00     97.78
                all      0.44      0.00      1.79      0.01      0.00     97.75
                all      0.47      0.00      1.75      0.00      0.00     97.78
start----
                all      0.33      0.00      1.30      0.01      0.00     98.36
                all      2.22      0.00      4.27      0.04      0.00     93.46
end------
                all      0.33      0.00      1.07      0.00      0.00     98.60
                all      0.46      0.00      1.75      0.00      0.00     97.79
                all      0.46      0.00      1.79      0.28      0.00     97.46
                all      0.47      0.00      1.78      0.00      0.00     97.75
start----
                all      2.30      0.00      4.97      0.06      0.00     92.67
                all      0.03      0.00      0.09      0.00      0.00     99.88
end------
                all      0.42      0.00      1.71      0.00      0.00     97.88
                all      0.49      0.00      1.75      0.00      0.00     97.76
                all      0.47      0.00      1.91      0.01      0.00     97.60
                all      0.44      0.00      1.79      0.00      0.00     97.76
start----
                all      2.59      0.00      4.33      0.10      0.00     92.98
end------
                all      0.13      0.00      0.61      0.00      0.00     99.26
                all      0.46      0.00      1.74      0.00      0.00     97.80
                all      0.46      0.00      1.78      0.30      0.00     97.46
                all      0.52      0.00      1.72      0.00      0.00     97.76
start----
                all      0.49      0.00      2.03      0.09      0.00     97.39
                all      1.57      0.00      3.87      0.01      0.00     94.55
end------
                all      0.33      0.00      1.16      0.00      0.00     98.51
                all      0.45      0.00      1.75      0.00      0.00     97.80
                all      0.47      0.00      1.78      0.01      0.00     97.73
                all      0.47      0.00      1.77      0.00      0.00     97.76
start----
                all      2.54      0.00      4.99      0.06      0.00     92.41
end------
                all      0.01      0.00      0.10      0.00      0.00     99.88
                all      0.47      0.00      1.74      0.00      0.00     97.79
                all      0.50      0.00      1.74      0.00      0.00     97.76
                all      0.46      0.00      1.81      0.00      0.00     97.73
                all      0.49      0.00      1.78      0.00      0.00     97.73
start----
                all      2.09      0.00      4.26      0.10      0.00     93.55
end------
                all      0.10      0.00      0.38      0.00      0.00     99.51
                all      0.47      0.00      1.75      0.00      0.00     97.78
                all      0.46      0.00      1.79      0.00      0.00     97.75
                all      0.46      0.00      1.75      0.00      0.00     97.79
                all      0.44      0.00      1.73      0.00      0.00     97.82
start----
                all      2.36      0.00      4.53      0.13      0.00     92.97
end------
                all      0.18      0.00      0.65      0.00      0.00     99.17
                all      0.46      0.00      1.79      0.00      0.00     97.75
                all      0.44      0.00      1.79      0.00      0.00     97.76
                all      0.47      0.00      1.75      0.00      0.00     97.77
                all      0.46      0.00      1.91      0.01      0.00     97.61
                all      2.55      0.00      6.50      0.06      0.00     90.88
                all      0.44      0.00      1.77      0.01      0.00     97.77
                all      0.45      0.00      1.80      0.00      0.00     97.75
                all      0.50      0.00      1.74      0.00      0.00     97.76
                all      0.49      0.00      1.74      0.00      0.00     97.77
                all      0.47      0.00      1.74      0.00      0.00     97.79
start----
                all      2.65      0.00      4.80      0.09      0.00     92.46
                all      0.43      0.00      1.14      0.06      0.00     98.38
end------
                all      0.34      0.00      1.39      0.00      0.00     98.27
                all      0.44      0.00      1.79      0.00      0.00     97.76
                all      0.42      0.00      1.84      0.28      0.00     97.46
                all      0.45      0.00      1.78      0.00      0.00     97.77
start----
                all      2.64      0.00      5.00      0.10      0.00     92.26
end------
                all      0.06      0.00      0.27      0.00      0.00     99.67
