
Linux 5.2.8200225+ (knl03.kisti.re.kr) 	2020년 05월 26일 	_x86_64_	(272 CPU)

                CPU     %user     %nice   %system   %iowait    %steal     %idle
                all      0.03      0.00      0.10      0.00      0.00     99.87
                all      0.02      0.00      0.09      0.15      0.00     99.74
                all      0.01      0.00      0.07      0.37      0.00     99.55
                all      0.01      0.00      0.08      0.37      0.00     99.54
                all      0.02      0.00      0.08      0.06      0.00     99.85
                all      0.02      0.00      0.15      0.24      0.00     99.60
                all      0.03      0.00      0.10      0.03      0.00     99.84
                all      0.04      0.00      0.10      0.00      0.00     99.85
                all      0.10      0.00      0.21      0.07      0.00     99.61
                all      0.04      0.00      0.21      0.02      0.00     99.73
                all      0.01      0.00      0.07      0.00      0.00     99.91
                all      0.01      0.00      0.07      0.00      0.00     99.91
start----
                all      0.03      0.00      0.12      0.00      0.00     99.85
                all      0.42      0.00      9.23      0.01      0.00     90.34
                all      0.08      0.00      0.22      0.02      0.00     99.68
                all      0.13      0.00      0.21      0.01      0.00     99.65
                all      0.02      0.00      0.11      0.03      0.00     99.84
                all      0.04      0.00      0.15      0.06      0.00     99.75
                all      0.41      0.00      5.87      0.02      0.00     93.71
                all      0.06      0.00      3.54      0.02      0.00     96.39
end------
                all      0.06      0.00      0.31      0.02      0.00     99.61
                all      0.11      0.00      0.45      0.00      0.00     99.43
                all      0.11      0.00      0.48      0.00      0.00     99.41
start----
                all      0.11      0.00      0.45      0.02      0.00     99.42
                all      0.37      0.00      9.15      0.03      0.00     90.45
end------
                all      0.03      0.00      0.20      0.11      0.00     99.66
                all      0.11      0.00      0.46      0.00      0.00     99.44
                all      0.12      0.00      0.46      0.00      0.00     99.41
                all      0.11      0.00      0.48      0.00      0.00     99.41
start----
                all      0.30      0.00      5.77      0.05      0.00     93.88
                all      0.12      0.00     11.80      0.00      0.00     88.08
                all      0.08      0.00      0.28      0.02      0.00     99.62
end------
                all      0.09      0.00      0.43      0.01      0.00     99.46
                all      0.24      0.00      0.72      0.05      0.00     98.99
                all      0.13      0.00      0.51      0.02      0.00     99.34
start----
                all      0.31      0.00      3.85      0.03      0.00     95.80
                all      0.07      0.00     11.83      0.00      0.00     88.10
                all      0.10      0.00      2.11      0.03      0.00     97.77
end------
                all      0.06      0.00      0.32      0.00      0.00     99.62
                all      0.12      0.00      0.47      0.00      0.00     99.41
                all      0.17      0.00      0.52      0.01      0.00     99.29
start----
                all      0.34      0.00      2.10      0.03      0.00     97.54
                all      0.20      0.00     11.97      0.04      0.00     87.79
                all      0.08      0.00      4.16      0.01      0.00     95.75
end------
                all      0.06      0.00      0.23      0.00      0.00     99.71
                all      0.11      0.00      0.48      0.00      0.00     99.40
                all      0.13      0.00      0.51      0.01      0.00     99.35
start----
                all      0.11      0.00      0.67      0.03      0.00     99.18
                all      0.31      0.00     11.43      0.01      0.00     88.25
                all      0.52      0.00     11.75      0.01      0.00     87.72
                all      0.08      0.00     11.80      0.00      0.00     88.12
                all      0.03      0.00      0.18      0.01      0.00     99.78
end------
                all      0.08      0.00      0.37      0.00      0.00     99.55
                all      0.12      0.00      0.45      0.00      0.00     99.44
                all      0.11      0.00      0.46      0.00      0.00     99.42
start----
                all      0.31      0.00      4.08      0.03      0.00     95.59
                all      0.11      0.00     12.10      0.00      0.00     87.79
                all      0.30      0.00     11.63      0.00      0.00     88.07
                all      0.11      0.00      7.58      0.00      0.00     92.31
end------
                all      0.01      0.00      0.04      0.00      0.00     99.95
                all      0.10      0.00      0.43      0.00      0.00     99.47
                all      0.11      0.00      0.46      0.04      0.00     99.39
                all      0.12      0.00      0.46      0.04      0.00     99.39
start----
                all      0.29      0.00      6.44      0.03      0.00     93.24
                all      0.36      0.00     11.90      0.00      0.00     87.75
                all      0.02      0.00     11.88      0.00      0.00     88.11
                all      0.14      0.00      5.19      0.00      0.00     94.67
end------
                all      0.04      0.00      0.19      0.00      0.00     99.76
                all      0.11      0.00      0.46      0.00      0.00     99.43
                all      0.11      0.00      0.46      0.00      0.00     99.43
start----
                all      0.10      0.00      0.42      0.01      0.00     99.47
                all      0.29      0.00     11.28      0.02      0.00     88.41
                all      0.06      0.00     12.42      0.00      0.00     87.53
                all      0.04      0.00      6.50      5.75      0.00     87.71
                all      1.73      0.00      9.31      1.00      0.00     87.96
                all      0.01      0.00     11.87      0.00      0.00     88.12
                all      0.01      0.00     11.88      0.00      0.00     88.11
                all      0.66      0.00      6.89      0.00      0.00     92.45
end------
                all      0.02      0.00      0.11      0.00      0.00     99.87
                all      0.11      0.00      0.46      0.00      0.00     99.44
                all      0.11      0.00      0.46      0.08      0.00     99.35
start----
                all      0.11      0.00      0.45      0.00      0.00     99.44
                all      0.29      0.00      8.65      0.03      0.00     91.03
                all      0.05      0.00     12.39      0.00      0.00     87.56
                all      0.04      0.00      7.42      4.93      0.00     87.60
                all      3.19      0.00      3.51      5.54      0.00     87.76
                all      0.01      0.00     11.93      0.00      0.00     88.06
                all      0.02      0.00     11.89      0.00      0.00     88.09
                all      0.02      0.00     11.87      0.00      0.00     88.10
                all      0.33      0.00      2.82      0.01      0.00     96.84
end------
                all      0.04      0.00      0.19      0.00      0.00     99.77
                all      0.13      0.00      0.45      0.00      0.00     99.42
                all      0.12      0.00      0.45      0.01      0.00     99.41
start----
                all      0.10      0.00      0.40      0.00      0.00     99.49
                all      0.29      0.00     10.96      0.03      0.00     88.72
                all      0.06      0.00     12.42      0.00      0.00     87.53
                all      0.04      0.00      5.22      7.05      0.00     87.69
                all      2.65      0.00      4.93      4.57      0.00     87.86
                all      0.01      0.00     11.88      0.00      0.00     88.11
                all      0.01      0.00     11.88      0.00      0.00     88.11
                all      0.02      0.00     11.88      0.00      0.00     88.10
                all      0.20      0.00      0.88      0.01      0.00     98.91
end------
                all      0.06      0.00      0.27      0.00      0.00     99.68
                all      0.11      0.00      0.45      0.00      0.00     99.44
                all      0.11      0.00      0.46      0.00      0.00     99.42
start----
                all      0.37      0.00      1.86      0.08      0.00     97.69
                all      0.58      0.00     17.49      0.01      0.00     81.93
end------
                all      0.01      0.00      0.03      0.00      0.00     99.96
                all      0.15      0.00      0.53      0.00      0.00     99.32
                all      0.11      0.00      0.45      0.00      0.00     99.44
                all      0.12      0.00      0.45      0.00      0.00     99.42
start----
                all      0.74      0.00     13.32      0.10      0.00     85.84
                all      0.12      0.00      5.95      0.00      0.00     93.93
end------
                all      0.06      0.00      0.26      0.00      0.00     99.68
                all      0.11      0.00      0.45      0.00      0.00     99.44
                all      0.11      0.00      0.46      0.07      0.00     99.36
start----
                all      0.50      0.00      2.02      0.04      0.00     97.45
                all      0.39      0.00     17.20      0.00      0.00     82.41
end------
                all      0.00      0.00      0.03      0.00      0.00     99.96
                all      0.11      0.00      0.46      0.00      0.00     99.43
                all      0.11      0.00      0.46      0.07      0.00     99.36
                all      0.11      0.00      0.47      0.00      0.00     99.42
start----
                all      0.73      0.00     13.90      0.06      0.00     85.32
                all      0.27      0.00     21.75      0.00      0.00     77.98
end------
                all      0.02      0.00      0.04      0.00      0.00     99.95
                all      0.11      0.00      0.44      0.00      0.00     99.45
                all      0.12      0.00      0.45      0.00      0.00     99.42
                all      0.25      0.00      0.54      0.02      0.00     99.19
start----
                all      0.82      0.00      9.73      0.06      0.00     89.39
                all      0.14      0.00     23.57      0.00      0.00     76.29
                all      0.15      0.00      2.38      0.01      0.00     97.47
end------
                all      0.09      0.00      0.36      0.00      0.00     99.55
                all      0.11      0.00      0.46      0.00      0.00     99.43
                all      0.12      0.00      0.45      0.00      0.00     99.43
start----
                all      1.32      0.00      4.28      0.14      0.00     94.25
                all      0.15      0.00     23.62      0.00      0.00     76.23
                all      0.16      0.00      8.17      0.00      0.00     91.66
end------
                all      0.05      0.00      0.22      0.00      0.00     99.73
                all      0.11      0.00      0.45      0.00      0.00     99.44
                all      0.11      0.00      0.46      0.00      0.00     99.43
start----
                all      0.21      0.00      1.31      0.03      0.00     98.45
                all      0.61      0.00     22.36      0.01      0.00     77.02
                all      0.76      0.00     23.17      0.00      0.00     76.06
                all      0.25      0.00     22.99      0.00      0.00     76.76
                all      0.03      0.00      0.07      0.00      0.00     99.90
end------
                all      0.08      0.00      0.34      0.00      0.00     99.58
                all      0.12      0.00      0.44      0.00      0.00     99.44
                all      0.12      0.00      0.45      0.00      0.00     99.43
start----
                all      0.77      0.00      3.64      0.04      0.00     95.55
                all      0.05      0.00     23.86      0.00      0.00     76.09
                all      0.74      0.00     23.09      0.00      0.00     76.17
                all      0.31      0.00     19.34      0.00      0.00     80.36
                all      0.02      0.00      0.07      0.00      0.00     99.91
end------
                all      0.16      0.00      0.46      0.01      0.00     99.36
                all      0.12      0.00      0.45      0.00      0.00     99.44
                all      0.12      0.00      0.45      0.00      0.00     99.43
start----
                all      0.72      0.00      7.49      0.04      0.00     91.75
                all      0.32      0.00     23.71      0.00      0.00     75.97
                all      0.54      0.00     23.14      0.00      0.00     76.31
                all      0.33      0.00     15.42      0.00      0.00     84.25
end------
                all      0.00      0.00      0.03      0.01      0.00     99.96
                all      0.12      0.00      0.45      0.00      0.00     99.43
                all      0.12      0.00      0.44      0.00      0.00     99.44
                all      0.11      0.00      0.46      0.00      0.00     99.43
start----
                all      0.74      0.00     10.34      0.04      0.00     88.88
                all      0.06      0.00     24.03      0.00      0.00     75.91
                all      0.05      0.00     22.48      1.70      0.00     75.76
                all      2.21      0.00     16.70      4.83      0.00     76.26
                all      0.02      0.00     23.69      0.00      0.00     76.29
                all      0.04      0.00     23.82      0.00      0.00     76.13
                all      0.37      0.00     15.44      0.00      0.00     84.19
end------
                all      0.03      0.00      0.11      0.00      0.00     99.86
                all      0.11      0.00      0.45      0.00      0.00     99.44
                all      0.11      0.00      0.45      0.00      0.00     99.44
                all      0.12      0.00      0.45      0.00      0.00     99.43
start----
                all      0.67      0.00     15.20      0.04      0.00     84.09
                all      0.06      0.00     24.15      0.00      0.00     75.79
                all      0.05      0.00     19.16      5.01      0.00     75.78
                all      1.63      0.00     20.83      1.31      0.00     76.23
                all      0.02      0.00     23.70      0.00      0.00     76.29
                all      0.01      0.00     23.69      0.00      0.00     76.30
                all      0.57      0.00     10.07      0.01      0.00     89.35
end------
                all      0.02      0.00      0.09      0.00      0.00     99.89
                all      0.12      0.00      0.45      0.00      0.00     99.44
                all      0.11      0.00      0.45      0.00      0.00     99.43
start----
                all      0.11      0.00      0.45      0.00      0.00     99.44
                all      0.69      0.00     16.00      0.05      0.00     83.26
                all      0.06      0.00     24.18      0.00      0.00     75.76
                all      0.05      0.00     18.01      6.12      0.00     75.82
                all      1.74      0.00     21.01      1.02      0.00     76.23
                all      0.02      0.00     23.69      0.00      0.00     76.29
                all      0.01      0.00     23.68      0.00      0.00     76.30
                all      0.36      0.00      9.87      0.00      0.00     89.76
end------
                all      0.06      0.00      0.21      0.00      0.00     99.74
                all      0.12      0.00      0.45      0.00      0.00     99.44
                all      0.10      0.00      0.46      0.00      0.00     99.44
start----
                all      0.10      0.00      0.41      0.01      0.00     99.49
                all      2.27      0.00     35.84      0.06      0.00     61.83
                all      0.50      0.00     16.25      0.01      0.00     83.24
end------
                all      0.04      0.00      0.19      0.00      0.00     99.77
                all      0.11      0.00      0.45      0.00      0.00     99.44
                all      0.11      0.00      0.45      0.00      0.00     99.44
start----
                all      0.11      0.00      0.39      0.00      0.00     99.49
                all      2.47      0.00     35.68      0.09      0.00     61.77
                all      0.53      0.00     16.17      0.00      0.00     83.30
end------
                all      0.04      0.00      0.20      0.00      0.00     99.76
                all      0.11      0.00      0.46      0.00      0.00     99.43
                all      0.11      0.00      0.46      0.07      0.00     99.35
start----
                all      0.11      0.00      0.56      0.03      0.00     99.29
                all      2.48      0.00     37.03      0.15      0.00     60.34
                all      0.52      0.00     15.42      0.00      0.00     84.05
end------
                all      0.06      0.00      0.17      0.00      0.00     99.77
                all      0.10      0.00      0.46      0.00      0.00     99.44
                all      0.13      0.00      0.45      0.00      0.00     99.42
start----
                all      0.11      0.00      0.49      0.01      0.00     99.38
                all      2.21      0.00     37.68      0.09      0.00     60.02
                all      0.18      0.00     46.04      0.00      0.00     53.79
                all      0.52      0.00      9.38      0.00      0.00     90.10
end------
                all      0.07      0.00      0.25      0.00      0.00     99.68
                all      0.12      0.00      0.45      0.00      0.00     99.43
                all      0.12      0.00      0.45      0.00      0.00     99.43
start----
                all      0.32      0.00      5.07      0.09      0.00     94.52
                all      2.17      0.00     39.07      0.04      0.00     58.72
                all      0.09      0.00     46.12      0.00      0.00     53.79
                all      0.47      0.00      3.59      0.00      0.00     95.94
end------
                all      0.08      0.00      0.31      0.00      0.00     99.61
                all      0.12      0.00      0.45      0.00      0.00     99.43
                all      0.11      0.00      0.46      0.00      0.00     99.42
start----
                all      0.96      0.00      6.03      0.04      0.00     92.97
                all      1.51      0.00     44.73      0.03      0.00     53.73
                all      0.53      0.00     42.99      0.00      0.00     56.48
                all      0.02      0.00      0.08      0.00      0.00     99.89
end------
                all      0.08      0.00      0.37      0.00      0.00     99.55
                all      0.11      0.00      0.46      0.00      0.00     99.44
                all      0.11      0.00      0.46      0.08      0.00     99.35
start----
                all      2.41      0.00      9.02      0.08      0.00     88.48
                all      0.06      0.00     47.36      0.00      0.00     52.58
                all      0.22      0.00     46.64      0.00      0.00     53.13
                all      0.02      0.00     46.30      0.00      0.00     53.69
                all      0.82      0.00     27.91      0.00      0.00     71.26
end------
                all      0.02      0.00      0.06      0.00      0.00     99.92
                all      0.11      0.00      0.45      0.00      0.00     99.44
                all      0.12      0.00      0.45      0.07      0.00     99.35
                all      0.12      0.00      0.45      0.00      0.00     99.42
start----
                all      2.31      0.00     24.39      0.07      0.00     73.23
                all      0.04      0.00     47.59      0.00      0.00     52.37
                all      0.25      0.00     45.97      0.00      0.00     53.78
                all      0.03      0.00     46.23      0.00      0.00     53.75
                all      0.79      0.00     11.74      0.00      0.00     87.47
end------
                all      0.04      0.00      0.17      0.00      0.00     99.79
                all      0.11      0.00      0.45      0.00      0.00     99.44
                all      0.12      0.00      0.46      0.00      0.00     99.42
start----
                all      0.11      0.00      0.42      0.00      0.00     99.47
                all      2.29      0.00     31.18      0.07      0.00     66.46
                all      0.21      0.00     47.03      0.00      0.00     52.76
                all      0.02      0.00     46.23      0.00      0.00     53.75
                all      0.24      0.00     45.94      0.00      0.00     53.82
                all      0.76      0.00      5.11      0.00      0.00     94.13
end------
                all      0.05      0.00      0.22      0.00      0.00     99.73
                all      0.12      0.00      0.44      0.00      0.00     99.44
                all      0.13      0.00      0.45      0.00      0.00     99.42
start----
                all      0.20      0.00      1.52      0.03      0.00     98.25
                all      2.19      0.00     39.06      0.06      0.00     58.70
                all      0.04      0.00     47.77      0.00      0.00     52.19
                all      0.04      0.00     47.86      0.00      0.00     52.10
                all      0.38      0.00     45.78      0.00      0.00     53.84
                all      0.02      0.00     46.45      0.00      0.00     53.53
                all      0.02      0.00     46.24      0.00      0.00     53.74
                all      0.02      0.00     46.01      0.00      0.00     53.97
                all      2.26      0.00     25.09      0.00      0.00     72.64
end------
                all      0.01      0.00      0.04      0.00      0.00     99.95
                all      0.11      0.00      0.44      0.00      0.00     99.45
                all      0.12      0.00      0.45      0.00      0.00     99.43
                all      0.12      0.00      0.45      0.00      0.00     99.43
start----
                all      2.31      0.00     16.38      0.06      0.00     81.26
                all      0.05      0.00     47.47      0.00      0.00     52.48
                all      0.04      0.00     47.86      0.00      0.00     52.09
                all      0.43      0.00     46.81      0.00      0.00     52.76
                all      0.02      0.00     46.57      0.00      0.00     53.41
                all      0.01      0.00     46.31      0.00      0.00     53.68
                all      0.01      0.00     46.07      0.00      0.00     53.92
                all      0.50      0.00     45.36      0.00      0.00     54.14
                all      1.01      0.00      3.47      0.00      0.00     95.51
end------
                all      0.04      0.00      0.20      0.00      0.00     99.75
                all      0.12      0.00      0.45      0.00      0.00     99.43
                all      0.11      0.00      0.46      0.00      0.00     99.42
start----
                all      0.16      0.00      1.21      0.13      0.00     98.50
                all      2.26      0.00     38.73      0.03      0.00     58.98
                all      0.04      0.00     47.74      0.00      0.00     52.22
                all      0.04      0.00     47.87      0.00      0.00     52.09
                all      0.35      0.00     46.31      0.01      0.00     53.32
                all      0.01      0.00     46.38      0.00      0.00     53.61
                all      0.02      0.00     46.17      0.00      0.00     53.81
                all      0.01      0.00     46.03      0.00      0.00     53.96
                all      2.33      0.00     27.69      0.00      0.00     69.98
                all      0.02      0.00      0.05      0.00      0.00     99.93
end------
                all      0.10      0.00      0.41      0.00      0.00     99.49
                all      0.13      0.00      0.46      0.00      0.00     99.41
                all      0.12      0.00      0.45      0.00      0.00     99.43
start----
                all      2.48      0.00     13.83      0.16      0.00     83.53
                all      7.42      0.00     80.21      0.02      0.00     12.34
                all      6.23      0.00     73.87      0.00      0.00     19.90
                all      0.05      0.00      2.27      0.00      0.00     97.68
end------
                all      0.06      0.00      0.26      0.00      0.00     99.68
                all      0.12      0.00      0.45      0.00      0.00     99.43
                all      0.12      0.00      0.45      0.07      0.00     99.36
start----
                all      0.44      0.00      5.78      0.08      0.00     93.70
                all      8.74      0.00     57.74      0.10      0.00     33.41
                all      1.17      0.00     89.01      0.00      0.00      9.81
                all      3.53      0.00     21.26      0.00      0.00     75.20
end------
                all      0.02      0.00      0.12      0.00      0.00     99.86
                all      0.12      0.00      0.44      0.00      0.00     99.44
                all      0.12      0.00      0.45      0.00      0.00     99.43
start----
                all      0.11      0.00      0.43      0.00      0.00     99.45
                all      4.41      0.00     34.29      0.13      0.00     61.17
                all      7.32      0.00     80.97      0.07      0.00     11.64
                all      5.28      0.00     46.40      0.00      0.00     48.32
                all      0.03      0.00      0.08      0.00      0.00     99.89
end------
                all      0.09      0.00      0.37      0.00      0.00     99.54
                all      0.13      0.00      0.44      0.00      0.00     99.44
                all      0.14      0.00      0.44      0.00      0.00     99.42
start----
                all      1.07      0.00     11.62      0.07      0.00     87.25
                all      8.95      0.00     73.96      0.46      0.00     16.64
                all      0.96      0.00     90.76      0.00      0.00      8.28
                all      0.11      0.00     87.27      0.00      0.00     12.61
                all      3.82      0.00     20.43      0.00      0.00     75.75
end------
                all      0.02      0.00      0.07      0.00      0.00     99.91
                all      0.11      0.00      0.46      0.00      0.00     99.43
                all      0.11      0.00      0.46      0.00      0.00     99.42
start----
                all      0.11      0.00      0.44      0.00      0.00     99.44
                all      5.24      0.00     35.20      0.12      0.00     59.44
                all      5.37      0.00     87.62      0.05      0.00      6.96
                all      1.41      0.00     86.82      0.00      0.00     11.77
                all      6.04      0.00     71.06      0.00      0.00     22.89
                all      0.04      0.00      1.30      0.00      0.00     98.65
end------
                all      0.04      0.00      0.19      0.00      0.00     99.77
                all      0.12      0.00      0.44      0.00      0.00     99.44
                all      0.12      0.00      0.46      0.06      0.00     99.35
start----
                all      0.12      0.00      0.41      0.00      0.00     99.47
                all     10.51      0.00     46.72      0.16      0.00     42.60
                all      0.04      0.00     94.47      0.00      0.00      5.49
                all      1.67      0.00     84.46      0.00      0.00     13.87
                all      4.79      0.00     51.23      0.00      0.00     43.98
                all      0.03      0.00      0.10      0.00      0.00     99.86
end------
                all      0.07      0.00      0.27      0.00      0.00     99.66
                all      0.13      0.00      0.44      0.00      0.00     99.43
                all      0.11      0.00      0.46      0.00      0.00     99.43
start----
                all      0.51      0.00      7.89      0.18      0.00     91.42
                all      9.34      0.00     56.57      0.08      0.00     34.01
                all      0.04      0.00     94.48      0.00      0.00      5.48
                all      2.44      0.00     89.64      0.00      0.00      7.92
                all      0.10      0.00     88.09      0.00      0.00     11.81
                all      0.04      0.00     87.31      0.00      0.00     12.65
                all      8.37      0.00     79.73      0.00      0.00     11.90
                all      0.08      0.00      7.30      0.00      0.00     92.63
end------
                all      0.06      0.00      0.23      0.00      0.00     99.72
                all      0.12      0.00      0.45      0.00      0.00     99.43
                all      0.13      0.00      0.46      0.00      0.00     99.41
start----
                all      0.13      0.00      0.49      0.00      0.00     99.38
                all      9.32      0.00     46.31      0.15      0.00     44.22
                all      0.06      0.00     94.46      0.00      0.00      5.48
                all      0.12      0.00     94.44      0.00      0.00      5.44
                all      6.83      0.00     78.43      0.00      0.00     14.74
                all      0.04      0.00     87.43      0.00      0.00     12.53
                all      1.12      0.00     86.17      0.00      0.00     12.71
                all      3.66      0.00     18.58      0.00      0.00     77.76
end------
                all      0.01      0.00      0.03      0.00      0.00     99.96
                all      0.11      0.00      0.45      0.00      0.00     99.44
                all      0.12      0.00      0.44      0.05      0.00     99.39
                all      0.13      0.00      0.45      0.02      0.00     99.40
start----
                all      2.96      0.00     23.34      0.12      0.00     73.58
                all      6.60      0.00     83.17      0.03      0.00     10.20
                all      0.05      0.00     94.67      0.00      0.00      5.29
                all      1.00      0.00     86.79      0.00      0.00     12.20
                all      0.05      0.00     87.53      0.00      0.00     12.42
                all      0.05      0.00     87.07      0.00      0.00     12.88
                all      7.09      0.00     41.61      0.00      0.00     51.30
                all      0.02      0.00      0.07      0.00      0.00     99.91
end------
                all      0.10      0.00      0.38      0.00      0.00     99.52
                all      0.13      0.00      0.44      0.00      0.00     99.43
                all      0.14      0.00      0.43      0.00      0.00     99.43
start----
                all      3.04      0.00     13.13      0.13      0.00     83.70
                all      6.77      0.00     79.78      0.05      0.00     13.40
                all      0.05      0.00     94.62      0.00      0.00      5.33
                all      0.04      0.00     94.84      0.00      0.00      5.12
                all      0.05      0.00     94.84      0.00      0.00      5.11
                all      0.80      0.00     90.54      0.00      0.00      8.66
                all      0.05      0.00     87.79      0.00      0.00     12.16
                all      0.04      0.00     87.61      0.00      0.00     12.34
                all      0.04      0.00     87.15      0.00      0.00     12.81
                all      0.05      0.00     86.95      0.00      0.00     13.01
                all      0.10      0.00     86.88      0.00      0.00     13.02
                all      6.65      0.00     64.98      0.00      0.00     28.37
                all      0.03      0.00      0.15      0.01      0.00     99.81
end------
                all      0.05      0.00      0.21      0.00      0.00     99.74
                all      0.13      0.00      0.44      0.00      0.00     99.43
                all      0.13      0.00      0.44      0.07      0.00     99.35
start----
                all      0.18      0.00      1.60      0.04      0.00     98.18
                all      9.82      0.00     49.38      0.10      0.00     40.70
                all      0.04      0.00     94.47      0.00      0.00      5.49
                all      0.05      0.00     94.82      0.00      0.00      5.12
                all      0.05      0.00     94.88      0.00      0.00      5.08
                all      0.13      0.00     94.73      0.00      0.00      5.14
                all      1.01      0.00     77.89      0.00      0.00     21.09
                all      0.03      0.00     87.55      0.00      0.00     12.42
                all      0.05      0.00     87.51      0.00      0.00     12.44
                all      0.04      0.00     87.39      0.00      0.00     12.57
                all      0.07      0.00     87.06      0.00      0.00     12.87
                all      7.37      0.00     80.93      0.00      0.00     11.70
                all      4.01      0.00     17.61      0.00      0.00     78.38
end------
                all      0.00      0.00      0.03      0.00      0.00     99.97
                all      0.14      0.00      0.52      0.00      0.00     99.34
                all      0.14      0.00      0.44      0.00      0.00     99.42
                all      0.13      0.00      0.44      0.00      0.00     99.43
start----
                all      2.88      0.00     23.66      0.10      0.00     73.37
                all      6.59      0.00     84.91      0.11      0.00      8.39
                all      0.06      0.00     94.68      0.00      0.00      5.26
                all      0.05      0.00     94.89      0.00      0.00      5.06
                all      0.04      0.00     94.86      0.00      0.00      5.10
                all      0.87      0.00     89.31      0.00      0.00      9.82
                all      0.04      0.00     87.61      0.00      0.00     12.34
                all      0.03      0.00     87.49      0.00      0.00     12.47
                all      0.05      0.00     87.33      0.00      0.00     12.62
                all      0.05      0.00     87.04      0.00      0.00     12.91
                all      0.06      0.00     86.75      0.00      0.00     13.19
                all      5.52      0.00     45.34      0.00      0.00     49.14
                all      0.03      0.00      0.09      0.01      0.00     99.88
end------
                all      0.09      0.00      0.33      0.00      0.00     99.58
                all      0.14      0.00      0.43      0.00      0.00     99.44
                all      0.12      0.00      0.45      0.00      0.00     99.43
End of data collecting unexpected
