
Linux 5.2.8org200301 (knl03.kisti.re.kr) 	2020년 03월 22일 	_x86_64_	(68 CPU)

                CPU     %user     %nice   %system   %iowait    %steal     %idle
                all      0.13      0.00      0.29      0.00      0.00     99.57
                all      0.10      0.00      0.37      0.60      0.00     98.92
                all      0.06      0.00      0.24      1.47      0.00     98.23
                all      0.06      0.00      0.21      1.47      0.00     98.26
                all      0.04      0.00      0.25      1.31      0.00     98.39
                all      0.06      0.00      0.46      1.02      0.00     98.46
                all      0.09      0.00      0.32      0.13      0.00     99.46
                all      0.12      0.00      0.31      0.01      0.00     99.56
                all      0.22      0.00      0.56      0.06      0.00     99.17
                all      0.04      0.00      0.27      0.00      0.00     99.69
                all      0.06      0.00      0.21      0.00      0.00     99.73
                all      0.04      0.00      0.21      0.00      0.00     99.75
start----
                all      0.37      0.00      3.88      0.09      0.00     95.67
end------
                all      0.13      0.00      0.59      0.00      0.00     99.27
                all      0.42      0.00      1.81      0.00      0.00     97.77
                all      0.43      0.00      1.84      0.28      0.00     97.45
start----
                all      0.40      0.00      1.65      0.03      0.00     97.92
                all      0.28      0.00      3.76      0.07      0.00     95.89
end------
                all      0.21      0.00      0.94      0.00      0.00     98.85
                all      0.45      0.00      1.80      0.00      0.00     97.76
                all      0.40      0.00      1.84      0.31      0.00     97.45
start----
                all      0.44      0.00      2.99      0.10      0.00     96.46
                all      0.13      0.00      2.04      0.01      0.00     97.82
end------
                all      0.31      0.00      1.27      0.00      0.00     98.42
                all      0.45      0.00      1.80      0.00      0.00     97.76
                all      0.39      0.00      1.86      0.00      0.00     97.76
start----
                all      0.44      0.00      4.99      0.09      0.00     94.47
                all      0.15      0.00      2.79      0.01      0.00     97.05
end------
                all      0.33      0.00      1.23      0.00      0.00     98.44
                all      0.42      0.00      1.83      0.00      0.00     97.76
                all      0.43      0.00      1.83      0.00      0.00     97.74
start----
                all      0.47      0.00      4.46      0.07      0.00     95.00
                all      0.15      0.00      3.40      0.03      0.00     96.42
end------
                all      0.25      0.00      1.10      0.00      0.00     98.65
                all      0.46      0.00      1.77      0.00      0.00     97.77
                all      0.49      0.00      1.78      0.00      0.00     97.73
start----
                all      0.46      0.00      4.13      0.06      0.00     95.35
                all      0.26      0.00      4.23      0.01      0.00     95.50
end------
                all      0.28      0.00      1.06      0.00      0.00     98.66
                all      0.42      0.00      1.83      0.00      0.00     97.76
                all      0.42      0.00      1.83      0.01      0.00     97.74
start----
                all      0.53      0.00      3.19      0.09      0.00     96.19
                all      0.21      0.00     11.13      0.00      0.00     88.66
                all      0.01      0.00      0.13      0.01      0.00     99.84
end------
                all      0.48      0.00      1.69      0.01      0.00     97.82
                all      0.43      0.00      1.81      0.00      0.00     97.76
                all      0.45      0.00      1.86      0.00      0.00     97.70
start----
                all      0.37      0.00      7.42      0.07      0.00     92.14
                all      0.19      0.00      6.24      0.03      0.00     93.54
end------
                all      0.16      0.00      0.65      0.00      0.00     99.18
                all      0.43      0.00      1.81      0.00      0.00     97.76
                all      0.45      0.00      1.85      0.01      0.00     97.69
start----
                all      0.42      0.00      1.79      0.09      0.00     97.70
                all      0.28      0.00     11.75      0.00      0.00     87.97
                all      0.12      0.00      1.21      0.01      0.00     98.65
end------
                all      0.33      0.00      1.43      0.00      0.00     98.24
                all      0.43      0.00      1.84      0.00      0.00     97.73
                all      0.43      0.00      1.81      0.00      0.00     97.76
start----
                all      0.40      0.00      5.76      0.06      0.00     93.78
                all      0.13      0.00     12.03      0.00      0.00     87.83
                all      0.21      0.00      8.82      0.01      0.00     90.96
                all      0.09      0.00      0.26      0.04      0.00     99.60
end------
                all      0.40      0.00      1.72      0.00      0.00     97.88
                all      0.45      0.00      1.81      0.00      0.00     97.74
                all      0.42      0.00      1.83      0.00      0.00     97.76
start----
                all      0.31      0.00      7.55      0.09      0.00     92.05
                all      0.13      0.00     12.10      0.00      0.00     87.77
                all      0.19      0.00      6.76      0.00      0.00     93.05
end------
                all      0.16      0.00      0.67      0.00      0.00     99.17
                all      0.40      0.00      1.86      0.00      0.00     97.74
                all      0.43      0.00      1.83      0.00      0.00     97.74
start----
                all      0.43      0.00      1.60      0.03      0.00     97.94
                all      0.24      0.00     11.35      0.06      0.00     88.36
                all      0.07      0.00     12.12      0.00      0.00     87.81
                all      0.19      0.00      2.56      0.01      0.00     97.23
end------
                all      0.21      0.00      0.92      0.00      0.00     98.87
                all      0.46      0.00      1.82      0.00      0.00     97.72
                all      0.40      0.00      1.84      0.01      0.00     97.74
start----
                all      0.70      0.00      3.14      0.07      0.00     96.09
                all      0.21      0.00      9.01      0.01      0.00     90.77
end------
                all      0.21      0.00      1.00      0.00      0.00     98.80
                all      0.43      0.00      1.83      0.00      0.00     97.74
                all      0.46      0.00      1.81      0.00      0.00     97.73
start----
                all      0.64      0.00      4.24      0.12      0.00     95.01
                all      0.22      0.00      7.81      0.01      0.00     91.95
end------
                all      0.24      0.00      1.07      0.00      0.00     98.69
                all      0.46      0.00      1.80      0.00      0.00     97.74
                all      0.42      0.00      1.83      0.00      0.00     97.76
start----
                all      0.62      0.00      4.82      0.10      0.00     94.46
                all      0.18      0.00      7.20      0.00      0.00     92.62
end------
                all      0.24      0.00      1.15      0.00      0.00     98.62
                all      0.45      0.00      1.81      0.00      0.00     97.74
                all      0.45      0.00      1.80      0.00      0.00     97.76
start----
                all      0.64      0.00      6.02      0.10      0.00     93.24
                all      0.26      0.00     15.37      0.00      0.00     84.37
end------
                all      0.12      0.00      0.37      0.00      0.00     99.51
                all      0.43      0.00      1.84      0.00      0.00     97.73
                all      0.42      0.00      1.86      0.00      0.00     97.73
start----
                all      0.42      0.00      1.68      0.01      0.00     97.89
                all      0.55      0.00     20.20      0.07      0.00     79.17
                all      0.12      0.00      0.28      0.00      0.00     99.60
end------
                all      0.37      0.00      1.56      0.00      0.00     98.06
                all      0.43      0.00      1.84      0.00      0.00     97.73
                all      0.43      0.00      1.84      0.00      0.00     97.73
start----
                all      0.62      0.00     12.50      0.09      0.00     86.79
                all      0.19      0.00      8.42      0.03      0.00     91.36
end------
                all      0.24      0.00      0.92      0.00      0.00     98.84
                all      0.39      0.00      1.84      0.00      0.00     97.77
                all      0.46      0.00      1.83      0.28      0.00     97.43
start----
                all      0.68      0.00      4.48      0.06      0.00     94.78
                all      0.19      0.00     23.87      0.00      0.00     75.93
                all      0.21      0.00     12.53      0.01      0.00     87.25
end------
                all      0.13      0.00      0.64      0.00      0.00     99.23
                all      0.46      0.00      1.78      0.00      0.00     97.76
                all      0.42      0.00      1.86      0.28      0.00     97.45
start----
                all      0.42      0.00      1.66      0.01      0.00     97.91
                all      0.46      0.00     23.06      0.07      0.00     76.41
                all      0.22      0.00     16.43      0.01      0.00     83.34
end------
                all      0.07      0.00      0.31      0.00      0.00     99.61
                all      0.48      0.00      1.78      0.00      0.00     97.74
                all      0.45      0.00      1.81      0.00      0.00     97.74
                all      0.45      0.00      1.94      0.01      0.00     97.60
start----
                all      0.52      0.00     19.61      0.06      0.00     79.82
                all      0.30      0.00     20.04      0.01      0.00     79.65
end------
                all      0.01      0.00      0.04      0.00      0.00     99.94
                all      0.42      0.00      1.83      0.00      0.00     97.76
                all      0.46      0.00      1.81      0.00      0.00     97.73
                all      0.43      0.00      1.81      0.00      0.00     97.76
start----
                all      0.46      0.00     15.93      0.13      0.00     83.48
                all      0.19      0.00     25.02      0.00      0.00     74.79
                all      0.56      0.00     23.94      0.00      0.00     75.49
                all      0.61      0.00     15.42      0.01      0.00     83.96
end------
                all      0.03      0.00      0.13      0.00      0.00     99.84
                all      0.40      0.00      1.83      0.00      0.00     97.77
                all      0.43      0.00      1.83      0.01      0.00     97.73
                all      0.46      0.00      1.81      0.00      0.00     97.73
start----
                all      0.50      0.00     15.33      0.10      0.00     84.06
                all      0.16      0.00     24.92      0.01      0.00     74.90
                all      0.50      0.00     24.06      0.00      0.00     75.43
                all      0.68      0.00     16.29      0.01      0.00     83.02
end------
                all      0.06      0.00      0.31      0.00      0.00     99.63
                all      0.46      0.00      1.78      0.00      0.00     97.76
                all      0.47      0.00      1.80      0.30      0.00     97.43
                all      0.43      0.00      1.83      0.01      0.00     97.73
start----
                all      0.47      0.00     18.80      0.09      0.00     80.63
                all      0.13      0.00     25.22      0.00      0.00     74.65
                all      0.46      0.00     23.77      0.01      0.00     75.76
                all      0.81      0.00     12.56      0.00      0.00     86.63
end------
                all      0.03      0.00      0.13      0.00      0.00     99.84
                all      0.45      0.00      1.80      0.00      0.00     97.76
                all      0.45      0.00      1.83      0.00      0.00     97.73
                all      0.46      0.00      1.81      0.00      0.00     97.73
start----
                all      0.95      0.00     34.04      0.10      0.00     64.91
                all      0.19      0.00      6.93      0.16      0.00     92.72
end------
                all      0.31      0.00      1.22      0.00      0.00     98.47
                all      0.46      0.00      1.80      0.00      0.00     97.74
                all      0.49      0.00      1.78      0.00      0.00     97.73
start----
                all      1.04      0.00     14.52      0.10      0.00     84.34
                all      0.35      0.00     27.12      0.01      0.00     72.52
end------
                all      0.10      0.00      0.52      0.00      0.00     99.38
                all      0.42      0.00      1.84      0.00      0.00     97.74
                all      0.46      0.00      1.81      0.06      0.00     97.67
start----
                all      0.37      0.00      1.66      0.01      0.00     97.95
                all      1.03      0.00     40.53      0.09      0.00     58.35
                all      0.12      0.00      0.19      0.03      0.00     99.66
end------
                all      0.39      0.00      1.59      0.00      0.00     98.03
                all      0.47      0.00      1.80      0.00      0.00     97.73
                all      0.46      0.00      1.78      0.00      0.00     97.76
start----
                all      0.93      0.00     24.46      0.10      0.00     74.50
                all      0.18      0.00     47.43      0.00      0.00     52.39
                all      0.23      0.00      6.51      0.01      0.00     93.24
end------
                all      0.33      0.00      1.20      0.00      0.00     98.47
                all      0.44      0.00      1.81      0.00      0.00     97.75
                all      0.45      0.00      1.83      0.21      0.00     97.52
start----
                all      1.01      0.00     15.62      0.10      0.00     83.27
                all      0.19      0.00     47.38      0.00      0.00     52.43
                all      0.21      0.00     15.60      0.01      0.00     84.18
end------
                all      0.24      0.00      0.89      0.00      0.00     98.87
                all      0.45      0.00      1.80      0.00      0.00     97.76
                all      0.47      0.00      1.78      0.12      0.00     97.63
start----
                all      1.20      0.00      7.03      0.12      0.00     91.65
                all      0.27      0.00     47.57      0.00      0.00     52.16
                all      0.23      0.00     24.74      0.03      0.00     75.00
end------
                all      0.15      0.00      0.58      0.00      0.00     99.27
                all      0.45      0.00      1.81      0.00      0.00     97.75
                all      0.46      0.00      1.78      0.04      0.00     97.71
start----
                all      0.42      0.00      1.59      0.03      0.00     97.97
                all      0.97      0.00     43.59      0.12      0.00     55.32
                all      0.28      0.00     48.49      0.00      0.00     51.23
                all      0.07      0.00     47.52      0.07      0.00     52.33
                all      1.29      0.00     14.40      0.01      0.00     84.30
end------
                all      0.15      0.00      0.71      0.00      0.00     99.14
                all      0.47      0.00      1.78      0.00      0.00     97.74
                all      0.49      0.00      1.78      0.00      0.00     97.73
start----
                all      0.40      0.00      1.60      0.03      0.00     97.97
                all      1.03      0.00     43.65      0.06      0.00     55.26
                all      0.40      0.00     48.47      0.06      0.00     51.07
                all      0.04      0.00     47.55      0.01      0.00     52.39
                all      1.26      0.00     14.34      0.01      0.00     84.39
end------
                all      0.25      0.00      0.86      0.00      0.00     98.88
                all      0.49      0.00      1.78      0.00      0.00     97.73
                all      0.47      0.00      1.77      0.27      0.00     97.49
start----
                all      1.11      0.00      7.27      0.10      0.00     91.51
                all      0.16      0.00     47.64      0.00      0.00     52.20
                all      0.47      0.00     48.19      0.06      0.00     51.28
                all      0.06      0.00     47.46      0.00      0.00     52.48
                all      1.26      0.00      4.98      0.00      0.00     93.75
end------
                all      0.33      0.00      1.20      0.00      0.00     98.47
                all      0.45      0.00      1.78      0.00      0.00     97.77
                all      0.46      0.00      1.80      0.01      0.00     97.73
start----
                all      0.93      0.00     16.74      0.09      0.00     82.24
                all      0.21      0.00     47.96      0.00      0.00     51.84
                all      0.16      0.00     49.09      0.01      0.00     50.73
                all      0.10      0.00     22.36     26.61      0.00     50.93
                all      0.07      0.00      6.67     42.18      0.00     51.07
                all      1.01      0.00      6.25     41.49      0.00     51.25
                all      5.44      0.00     42.12      0.41      0.00     52.02
                all      0.04      0.00     47.48      0.00      0.00     52.48
                all      0.04      0.00     47.46      0.00      0.00     52.49
                all      1.88      0.00      8.10      0.01      0.00     90.01
end------
                all      0.30      0.00      1.13      0.00      0.00     98.57
                all      0.45      0.00      1.80      0.00      0.00     97.76
                all      0.43      0.00      1.83      0.00      0.00     97.74
start----
                all      1.07      0.00     12.93      0.07      0.00     85.93
                all      0.19      0.00     47.92      0.00      0.00     51.89
                all      0.16      0.00     49.13      0.06      0.00     50.65
                all      0.12      0.00     27.01     21.89      0.00     50.99
                all      0.09      0.00      6.57     42.05      0.00     51.29
                all      2.81      0.00      6.67     39.24      0.00     51.28
                all      2.65      0.00     44.90      0.16      0.00     52.28
                all      0.09      0.00     47.44      0.00      0.00     52.48
                all      0.04      0.00     47.43      0.00      0.00     52.52
                all      1.00      0.00      4.42      0.01      0.00     94.57
end------
                all      0.34      0.00      1.34      0.00      0.00     98.32
                all      0.50      0.00      1.72      0.00      0.00     97.77
                all      0.50      0.00      1.77      0.01      0.00     97.72
start----
                all      1.11      0.00     17.60      0.09      0.00     81.21
                all      0.13      0.00     48.06      0.00      0.00     51.81
                all      0.21      0.00     49.14      0.12      0.00     50.53
                all      0.12      0.00     22.90     26.06      0.00     50.92
                all      0.09      0.00      6.88     41.99      0.00     51.04
                all      5.91      0.00      9.73     33.11      0.00     51.25
                all      0.09      0.00     47.71      0.03      0.00     52.18
                all      0.06      0.00     47.47      0.00      0.00     52.47
                all      1.25      0.00     45.27      0.00      0.00     53.47
                all      0.09      0.00      0.26      0.03      0.00     99.62
end------
                all      0.34      0.00      1.13      0.00      0.00     98.53
                all      0.45      0.00      1.81      0.00      0.00     97.74
                all      0.49      0.00      1.81      0.00      0.00     97.70
start----
                all      2.43      0.00     19.05      0.59      0.00     77.93
                all      0.68      0.00     93.89      0.00      0.00      5.44
                all      0.62      0.00     44.55      0.01      0.00     54.82
end------
                all      0.18      0.00      0.58      0.00      0.00     99.24
                all      0.46      0.00      1.82      0.00      0.00     97.72
                all      0.45      0.00      1.78      0.00      0.00     97.77
start----
                all      0.49      0.00      2.15      0.10      0.00     97.26
                all      2.45      0.00     86.18      0.18      0.00     11.19
                all      0.57      0.00     70.01      0.01      0.00     29.41
end------
                all      0.04      0.00      0.12      0.00      0.00     99.84
                all      0.46      0.00      1.78      0.00      0.00     97.76
                all      0.47      0.00      1.80      0.01      0.00     97.71
                all      0.49      0.00      1.77      0.00      0.00     97.74
start----
                all      2.19      0.00     60.09      0.22      0.00     37.51
                all      0.52      0.00     94.28      0.00      0.00      5.21
                all      0.42      0.00      3.13      0.01      0.00     96.43
end------
                all      0.34      0.00      1.39      0.00      0.00     98.27
                all      0.46      0.00      1.77      0.00      0.00     97.77
                all      0.43      0.00      1.81      0.00      0.00     97.76
start----
                all      2.41      0.00     34.79      0.25      0.00     62.54
                all      0.15      0.00     95.26      0.00      0.00      4.59
                all      1.05      0.00     94.27      0.12      0.00      4.57
                all      0.81      0.00     82.99      0.00      0.00     16.20
                all      0.01      0.00      0.13      0.00      0.00     99.85
end------
                all      0.46      0.00      1.60      0.00      0.00     97.93
                all      0.46      0.00      1.79      0.01      0.00     97.73
                all      0.42      0.00      1.81      0.00      0.00     97.77
start----
                all      2.22      0.00     48.47      0.21      0.00     49.11
                all      0.16      0.00     95.50      0.00      0.00      4.34
                all      0.44      0.00     93.80      0.06      0.00      5.70
                all      1.96      0.00     70.03      0.00      0.00     28.01
                all      0.09      0.00      0.19      0.04      0.00     99.68
end------
                all      0.46      0.00      1.54      0.00      0.00     98.00
                all      0.49      0.00      1.74      0.00      0.00     97.77
                all      0.53      0.00      1.74      0.00      0.00     97.73
start----
                all      2.32      0.00     42.10      0.24      0.00     55.35
                all      0.15      0.00     95.38      0.00      0.00      4.47
                all      0.56      0.00     93.58      0.03      0.00      5.83
                all      1.86      0.00     77.17      0.00      0.00     20.97
                all      0.10      0.00      0.22      0.03      0.00     99.65
end------
                all      0.40      0.00      1.43      0.00      0.00     98.17
                all      0.52      0.00      1.72      0.00      0.00     97.76
                all      0.46      0.00      1.80      0.31      0.00     97.43
start----
                all      2.16      0.00     35.28      0.25      0.00     62.30
                all      0.19      0.00     95.23      0.00      0.00      4.58
                all      0.10      0.00     96.10      0.00      0.00      3.80
                all      0.16      0.00     45.32     50.21      0.00      4.31
                all     17.86      0.00     14.33     62.90      0.00      4.91
                all      1.93      0.00     92.22      0.15      0.00      5.71
                all      0.06      0.00     94.54      0.00      0.00      5.40
                all      0.06      0.00     94.51      0.00      0.00      5.43
                all      2.33      0.00      7.30      0.03      0.00     90.34
end------
                all      0.31      0.00      1.00      0.00      0.00     98.69
                all      0.50      0.00      1.93      0.00      0.00     97.57
                all      0.52      0.00      1.72      0.01      0.00     97.75
start----
                all      2.13      0.00     12.26      0.25      0.00     85.36
                all      0.17      0.00     94.88      0.00      0.00      4.95
                all      0.15      0.00     96.18      0.03      0.00      3.65
                all      0.16      0.00     66.97     28.96      0.00      3.91
                all      2.98      0.00     10.08     81.99      0.00      4.95
                all      9.18      0.00     84.82      0.43      0.00      5.57
                all      0.06      0.00     94.56      0.00      0.00      5.38
                all      0.07      0.00     94.54      0.00      0.00      5.38
                all      1.70      0.00     15.98      0.01      0.00     82.31
end------
                all      0.33      0.00      1.12      0.00      0.00     98.56
                all      0.45      0.00      1.77      0.00      0.00     97.79
                all      0.50      0.00      1.72      0.01      0.00     97.76
start----
                all      2.58      0.00     19.20      0.31      0.00     77.91
                all      0.15      0.00     95.04      0.00      0.00      4.81
                all      0.16      0.00     96.17      0.00      0.00      3.67
                all      0.13      0.00     60.85     35.11      0.00      3.91
                all      5.90      0.00     10.62     77.92      0.00      5.57
                all      9.57      0.00     83.99      0.13      0.00      6.31
                all      0.04      0.00     94.60      0.00      0.00      5.36
                all      0.07      0.00     94.53      0.00      0.00      5.40
                all      1.90      0.00     19.92      0.01      0.00     78.17
end------
                all      0.24      0.00      0.99      0.00      0.00     98.77
                all      0.56      0.00      1.72      0.00      0.00     97.72
                all      0.52      0.00      1.71      0.00      0.00     97.77
start----
                all      2.52      0.00     13.76      0.65      0.00     83.06
                all      0.16      0.00     94.93      0.00      0.00      4.91
                all      0.15      0.00     96.17      0.04      0.00      3.63
                all      0.12      0.00     63.71     32.16      0.00      4.01
                all      0.07      0.00      9.12     85.57      0.00      5.23
                all      0.10      0.00      7.66     87.12      0.00      5.12
                all      0.10      0.00      7.01     87.85      0.00      5.03
                all      0.09      0.00      6.48     88.16      0.00      5.26
                all      0.10      0.00      6.22     87.91      0.00      5.77
                all      0.09      0.00      5.90     88.12      0.00      5.89
                all      0.10      0.00      5.66     88.35      0.00      5.89
                all      0.07      0.00      5.32     88.73      0.00      5.87
                all      0.06      0.00      5.03     89.68      0.00      5.23
                all      0.07      0.00      4.64     89.70      0.00      5.59
                all      0.09      0.00      4.47     90.41      0.00      5.02
                all      0.09      0.00      4.33     90.57      0.00      5.01
                all      0.10      0.00      4.35     89.67      0.00      5.87
                all      0.09      0.00      4.41     89.59      0.00      5.91
                all      0.09      0.00      4.45     89.56      0.00      5.90
                all      0.07      0.00      4.60     90.26      0.00      5.06
                all     26.66      0.00     13.98     53.98      0.00      5.37
                all     17.27      0.00     77.26      0.47      0.00      5.00
                all      0.07      0.00     94.51      0.00      0.00      5.41
                all      0.07      0.00     94.54      0.00      0.00      5.39
                all      0.06      0.00     94.57      0.00      0.00      5.37
                all      0.04      0.00     94.54      0.00      0.00      5.41
                all      0.06      0.00     94.55      0.00      0.00      5.39
                all      1.82      0.00     27.91      0.03      0.00     70.24
end------
                all      0.24      0.00      0.83      0.00      0.00     98.93
                all      0.47      0.00      1.75      0.00      0.00     97.77
                all      0.49      0.00      1.77      0.01      0.00     97.73
start----
                all      2.05      0.00      7.12      0.19      0.00     90.63
                all      0.60      0.00     93.69      0.01      0.00      5.69
                all      0.16      0.00     96.22      0.00      0.00      3.62
                all      0.18      0.00     69.23     26.97      0.00      3.62
                all      0.10      0.00      8.01     86.05      0.00      5.83
                all      0.12      0.00      6.15     88.55      0.00      5.18
                all      0.07      0.00      5.82     88.38      0.00      5.73
                all      0.09      0.00      5.23     89.70      0.00      4.98
                all      0.07      0.00      5.12     89.44      0.00      5.36
                all      0.10      0.00      5.07     88.95      0.00      5.87
                all      0.09      0.00      5.06     90.24      0.00      4.60
                all      0.07      0.00      4.80     89.90      0.00      5.23
                all      0.09      0.00      4.88     90.03      0.00      5.00
                all      0.09      0.00      4.80     90.10      0.00      5.01
                all      0.09      0.00      4.65     89.90      0.00      5.36
                all      0.07      0.00      4.65     89.36      0.00      5.92
                all      0.09      0.00      4.71     89.31      0.00      5.89
                all      0.07      0.00      4.77     90.15      0.00      5.00
                all      0.09      0.00      4.69     89.52      0.00      5.70
                all      0.06      0.00      4.70     90.07      0.00      5.17
                all      0.09      0.00      4.68     89.32      0.00      5.91
                all     34.04      0.00     43.61     16.93      0.00      5.43
                all      0.06      0.00     94.75      0.00      0.00      5.19
                all      0.06      0.00     94.56      0.00      0.00      5.39
                all      0.07      0.00     94.51      0.00      0.00      5.41
                all      0.04      0.00     94.54      0.00      0.00      5.42
                all      0.06      0.00     94.55      0.00      0.00      5.39
                all      2.10      0.00     68.72      0.00      0.00     29.18
end------
                all      0.01      0.00      0.06      0.00      0.00     99.93
                all      0.45      0.00      1.77      0.00      0.00     97.79
                all      0.45      0.00      1.78      0.00      0.00     97.77
                all      0.45      0.00      1.78      0.00      0.00     97.77
start----
                all      2.41      0.00     57.99      0.47      0.00     39.13
                all      0.18      0.00     95.35      0.00      0.00      4.47
                all      0.15      0.00     96.31      0.01      0.00      3.53
                all      0.21      0.00     17.16     77.69      0.00      4.94
                all      0.33      0.00      6.28     87.90      0.00      5.48
                all      0.09      0.00      5.45     88.85      0.00      5.61
                all      0.09      0.00      5.36     88.84      0.00      5.71
                all      0.09      0.00      5.01     90.01      0.00      4.89
                all      0.07      0.00      5.02     89.16      0.00      5.75
                all      0.09      0.00      4.82     89.46      0.00      5.64
                all      0.10      0.00      4.69     89.29      0.00      5.91
                all      0.06      0.00      4.75     89.32      0.00      5.86
                all      0.07      0.00      4.72     90.30      0.00      4.90
                all      0.12      0.00      4.72     90.14      0.00      5.02
                all      0.09      0.00      4.59     89.88      0.00      5.43
                all      0.31      0.00      5.05     88.83      0.00      5.81
                all      0.07      0.00      4.63     89.44      0.00      5.86
                all      0.09      0.00      4.66     89.96      0.00      5.29
                all      0.07      0.00      4.58     89.59      0.00      5.75
                all      0.07      0.00      4.58     89.40      0.00      5.94
                all     20.84      0.00     12.48     61.05      0.00      5.63
                all     43.93      0.00     49.69      0.81      0.00      5.57
                all      0.06      0.00     94.62      0.00      0.00      5.33
                all      0.07      0.00     94.51      0.00      0.00      5.42
                all      0.06      0.00     94.57      0.00      0.00      5.37
                all      0.06      0.00     94.54      0.00      0.00      5.40
                all      0.04      0.00     94.57      0.00      0.00      5.39
                all      2.32      0.00     70.22      0.00      0.00     27.46
end------
                all      0.06      0.00      0.22      0.00      0.00     99.72
                all      0.46      0.00      1.75      0.00      0.00     97.79
                all      0.50      0.00      1.77      0.00      0.00     97.73
                all      0.53      0.00      1.85      0.01      0.00     97.60
End of data collecting unexpected
