
Linux 5.2.8org200301 (knl03.kisti.re.kr) 	2020년 03월 23일 	_x86_64_	(68 CPU)

                CPU     %user     %nice   %system   %iowait    %steal     %idle
                all      0.12      0.00      0.29      0.00      0.00     99.59
                all      0.10      0.00      0.21      0.60      0.00     99.09
                all      0.03      0.00      0.21      1.46      0.00     98.31
                all      0.09      0.00      0.16      1.47      0.00     98.28
                all      0.06      0.00      0.22      1.40      0.00     98.32
                all      0.06      0.00      0.43      1.03      0.00     98.48
                all      0.06      0.00      0.28      0.10      0.00     99.56
                all      0.16      0.00      0.28      0.00      0.00     99.56
                all      0.22      0.00      0.53      0.03      0.00     99.22
                all      0.43      0.00      0.70      0.06      0.00     98.81
                all      0.07      0.00      0.18      0.00      0.00     99.75
                all      0.29      0.00      2.55      0.06      0.00     97.10
                all      0.09      0.00      0.76      0.01      0.00     99.14
                all      0.04      0.00      0.21      0.00      0.00     99.75
                all      0.06      0.00      0.16      0.00      0.00     99.78
start----
                all      0.31      0.00      3.23      0.10      0.00     96.36
                all      0.07      0.00      0.21      0.00      0.00     99.72
end------
                all      0.39      0.00      1.50      0.00      0.00     98.12
                all      0.42      0.00      1.80      0.00      0.00     97.79
                all      0.47      0.00      1.78      0.00      0.00     97.74
                all      0.32      0.00      3.35      0.13      0.00     96.19
                all      0.04      0.00      0.22      0.00      0.00     99.73
                all      0.06      0.00      0.18      0.00      0.00     99.76
                all      0.04      0.00      0.27      0.00      0.00     99.69
start----
                all      0.38      0.00      3.21      0.07      0.00     96.34
end------
                all      0.19      0.00      0.82      0.00      0.00     98.99
                all      0.46      0.00      1.78      0.00      0.00     97.76
                all      0.43      0.00      1.80      0.00      0.00     97.77
                all      0.50      0.00      3.19      0.10      0.00     96.20
                all      0.07      0.00      1.16      0.01      0.00     98.76
                all      0.06      0.00      0.21      0.00      0.00     99.73
                all      0.06      0.00      0.19      0.00      0.00     99.75
start----
                all      0.37      0.00      3.30      0.09      0.00     96.24
end------
                all      0.03      0.00      0.12      0.00      0.00     99.85
                all      0.47      0.00      1.78      0.00      0.00     97.74
                all      0.46      0.00      1.81      0.27      0.00     97.46
                all      0.45      0.00      1.81      0.03      0.00     97.71
                all      0.28      0.00      5.25      0.12      0.00     94.36
                all      0.06      0.00      0.19      0.00      0.00     99.75
                all      0.09      0.00      0.22      0.00      0.00     99.69
                all      0.09      0.00      0.28      0.01      0.00     99.62
start----
                all      0.32      0.00      5.69      0.07      0.00     93.91
end------
                all      0.15      0.00      0.55      0.00      0.00     99.30
                all      0.49      0.00      1.74      0.00      0.00     97.77
                all      0.49      0.00      1.75      0.00      0.00     97.76
                all      0.52      0.00      1.94      0.09      0.00     97.45
                all      0.18      0.00      4.82      0.01      0.00     94.99
                all      0.04      0.00      0.22      0.00      0.00     99.73
                all      0.12      0.00      0.24      0.00      0.00     99.65
start----
                all      0.19      0.00      0.75      0.07      0.00     98.98
                all      0.16      0.00      5.19      0.03      0.00     94.62
end------
                all      0.40      0.00      0.94      0.03      0.00     98.63
                all      0.45      0.00      1.81      0.00      0.00     97.74
                all      0.50      0.00      1.78      0.00      0.00     97.72
                all      0.55      0.00      3.90      0.09      0.00     95.46
                all      0.10      0.00      2.58      0.03      0.00     97.28
                all      0.06      0.00      0.22      0.00      0.00     99.72
                all      0.09      0.00      0.21      0.00      0.00     99.71
start----
                all      0.27      0.00      2.77      0.07      0.00     96.89
                all      0.21      0.00      3.20      0.01      0.00     96.58
end------
                all      0.31      0.00      1.16      0.00      0.00     98.53
                all      0.49      0.00      1.81      0.00      0.00     97.70
                all      0.48      0.00      1.81      0.00      0.00     97.71
                all      0.50      0.00      5.68      0.07      0.00     93.75
                all      0.15      0.00      5.01      0.01      0.00     94.82
                all      0.04      0.00      0.22      0.00      0.00     99.73
                all      0.07      0.00      0.21      0.00      0.00     99.72
                all      0.13      0.00      0.19      0.00      0.00     99.68
start----
                all      0.31      0.00      9.36      0.07      0.00     90.25
                all      0.13      0.00      1.51      0.03      0.00     98.33
end------
                all      0.30      0.00      1.35      0.00      0.00     98.35
                all      0.46      0.00      1.95      0.01      0.00     97.58
                all      0.67      0.00      1.84      0.01      0.00     97.48
                all      0.39      0.00      6.86      0.07      0.00     92.68
                all      0.12      0.00      3.67      0.03      0.00     96.18
                all      0.07      0.00      0.22      0.00      0.00     99.70
                all      0.07      0.00      0.21      0.00      0.00     99.72
start----
                all      0.09      0.00      0.25      0.00      0.00     99.66
                all      0.27      0.00     10.32      0.10      0.00     89.31
                all      0.15      0.00      0.50      0.01      0.00     99.34
end------
                all      0.39      0.00      1.52      0.00      0.00     98.09
                all      0.50      0.00      1.75      0.00      0.00     97.74
                all      0.48      0.00      1.77      0.00      0.00     97.76
                all      0.40      0.00      7.70      0.09      0.00     91.81
                all      0.10      0.00      2.68      0.03      0.00     97.18
                all      0.04      0.00      0.21      0.00      0.00     99.75
                all      0.06      0.00      0.21      0.00      0.00     99.73
start----
                all      0.09      0.00      0.34      0.03      0.00     99.54
                all      0.37      0.00     10.59      0.06      0.00     88.98
                all      0.01      0.00      0.16      0.03      0.00     99.79
end------
                all      0.42      0.00      1.65      0.00      0.00     97.93
                all      0.45      0.00      1.75      0.00      0.00     97.80
                all      0.46      0.00      1.75      0.00      0.00     97.79
                all      0.34      0.00      8.65      0.09      0.00     90.92
                all      0.13      0.00      9.15      0.00      0.00     90.71
                all      0.04      0.00      1.61      0.01      0.00     98.33
                all      0.06      0.00      0.25      0.00      0.00     99.69
                all      0.06      0.00      0.21      0.00      0.00     99.74
                all      0.25      0.00      0.57      0.03      0.00     99.15
start----
                all      0.31      0.00      9.54      0.06      0.00     90.09
                all      0.50      0.00     11.06      0.00      0.00     88.43
                all      0.06      0.00      0.12      0.04      0.00     99.78
end------
                all      0.45      0.00      1.62      0.00      0.00     97.93
                all      0.49      0.00      1.78      0.00      0.00     97.73
                all      0.52      0.00      1.68      0.00      0.00     97.80
                all      0.36      0.00      8.47      0.10      0.00     91.07
                all      0.10      0.00      9.40      0.00      0.00     90.50
                all      0.06      0.00      1.61      0.01      0.00     98.31
                all      0.06      0.00      0.22      0.00      0.00     99.72
                all      0.06      0.00      0.19      0.00      0.00     99.75
                all      0.06      0.00      0.22      0.01      0.00     99.71
start----
                all      0.31      0.00      9.45      0.07      0.00     90.17
                all      0.24      0.00     11.46      0.00      0.00     88.30
                all      0.07      0.00      0.15      0.01      0.00     99.77
end------
                all      0.43      0.00      1.60      0.00      0.00     97.97
                all      0.46      0.00      1.77      0.00      0.00     97.77
                all      0.48      0.00      1.77      0.00      0.00     97.76
                all      0.37      0.00      8.33      0.09      0.00     91.21
                all      0.15      0.00      9.43      0.01      0.00     90.41
                all      0.03      0.00      1.66      0.00      0.00     98.31
                all      0.06      0.00      0.22      0.00      0.00     99.72
                all      0.04      0.00      0.19      0.00      0.00     99.76
                all      0.07      0.00      0.19      0.00      0.00     99.73
start----
                all      0.31      0.00      9.37      0.07      0.00     90.25
                all      0.21      0.00     11.59      0.00      0.00     88.20
                all      0.06      0.00      0.16      0.03      0.00     99.75
end------
                all      0.38      0.00      1.65      0.00      0.00     97.97
                all      0.45      0.00      1.85      0.01      0.00     97.69
                all      0.67      0.00      2.21      0.01      0.00     97.11
                all      0.50      0.00      7.20      0.09      0.00     92.21
                all      0.06      0.00      0.21      0.00      0.00     99.73
                all      0.10      0.00      0.29      0.01      0.00     99.59
                all      0.06      0.00      0.22      0.00      0.00     99.72
start----
                all      0.56      0.00      8.60      0.07      0.00     90.77
end------
                all      0.13      0.00      0.64      0.00      0.00     99.23
                all      0.42      0.00      1.90      0.00      0.00     97.69
                all      0.37      0.00      1.96      0.00      0.00     97.67
                all      0.46      0.00      2.39      0.13      0.00     97.02
                all      0.40      0.00      6.10      0.03      0.00     93.47
                all      0.09      0.00      0.19      0.00      0.00     99.72
                all      0.07      0.00      0.16      0.00      0.00     99.76
start----
                all      0.43      0.00      2.36      0.09      0.00     97.12
                all      0.18      0.00      6.36      0.00      0.00     93.47
end------
                all      0.21      0.00      1.09      0.00      0.00     98.71
                all      0.43      0.00      1.84      0.00      0.00     97.73
                all      0.39      0.00      1.89      0.00      0.00     97.73
                all      0.64      0.00      7.35      0.07      0.00     91.93
                all      0.28      0.00      0.66      0.03      0.00     99.03
                all      0.07      0.00      0.21      0.00      0.00     99.72
                all      0.04      0.00      0.19      0.00      0.00     99.76
start----
                all      0.53      0.00      8.55      0.10      0.00     90.82
                all      0.09      0.00      0.21      0.01      0.00     99.69
end------
                all      0.39      0.00      1.70      0.00      0.00     97.91
                all      0.43      0.00      1.85      0.00      0.00     97.72
                all      0.36      0.00      1.88      0.01      0.00     97.74
                all      0.59      0.00     12.11      0.10      0.00     87.19
                all      0.06      0.00      0.99      0.01      0.00     98.94
                all      0.10      0.00      0.22      0.00      0.00     99.67
                all      0.12      0.00      0.21      0.00      0.00     99.68
start----
                all      0.40      0.00      3.44      0.10      0.00     96.06
                all      0.25      0.00     12.58      0.01      0.00     87.16
end------
                all      0.18      0.00      0.71      0.00      0.00     99.11
                all      0.37      0.00      1.81      0.00      0.00     97.82
                all      0.39      0.00      1.78      0.01      0.00     97.81
                all      0.65      0.00      3.51      0.12      0.00     95.72
                all      0.15      0.00     10.35      0.01      0.00     89.48
                all      0.06      0.00      0.29      0.03      0.00     99.62
                all      0.04      0.00      0.22      0.00      0.00     99.73
                all      0.06      0.00      0.19      0.00      0.00     99.75
start----
                all      0.56      0.00     15.68      0.06      0.00     83.70
                all      0.09      0.00      0.26      0.00      0.00     99.65
end------
                all      0.30      0.00      1.62      0.00      0.00     98.08
                all      0.42      0.00      1.80      0.00      0.00     97.79
                all      0.37      0.00      1.83      0.00      0.00     97.80
                all      0.53      0.00     12.12      0.10      0.00     87.24
                all      0.06      0.00      0.96      0.00      0.00     98.98
                all      0.06      0.00      0.22      0.00      0.00     99.72
                all      0.06      0.00      0.19      0.00      0.00     99.75
start----
                all      0.41      0.00      5.53      0.07      0.00     93.98
                all      0.22      0.00     10.51      0.01      0.00     89.25
end------
                all      0.19      0.00      0.73      0.00      0.00     99.08
                all      0.36      0.00      1.90      0.00      0.00     97.74
                all      0.45      0.00      1.75      0.30      0.00     97.50
                all      0.65      0.00      5.42      0.09      0.00     93.84
                all      0.21      0.00     18.13      0.01      0.00     81.65
                all      0.06      0.00      1.67      0.00      0.00     98.27
                all      0.06      0.00      0.22      0.00      0.00     99.72
                all      0.09      0.00      0.21      0.01      0.00     99.69
                all      0.34      0.00      0.58      0.03      0.00     99.06
start----
                all      0.53      0.00     18.48      0.09      0.00     80.90
                all      0.18      0.00     11.95      0.01      0.00     87.86
end------
                all      0.21      0.00      0.83      0.01      0.00     98.95
                all      0.37      0.00      1.78      0.00      0.00     97.85
                all      0.43      0.00      1.75      0.00      0.00     97.82
                all      0.68      0.00      4.38      0.10      0.00     94.83
                all      0.25      0.00     19.08      0.00      0.00     80.67
                all      0.06      0.00      1.71      0.00      0.00     98.23
                all      0.06      0.00      0.24      0.00      0.00     99.71
                all      0.06      0.00      0.19      0.00      0.00     99.75
                all      0.06      0.00      0.21      0.00      0.00     99.73
start----
                all      0.64      0.00     16.11      0.09      0.00     83.16
                all      0.24      0.00     14.46      0.01      0.00     85.29
end------
                all      0.10      0.00      0.43      0.00      0.00     99.47
                all      0.34      0.00      1.84      0.00      0.00     97.82
                all      0.39      0.00      1.87      0.00      0.00     97.74
                all      0.42      0.00      2.20      0.06      0.00     97.33
                all      0.58      0.00     21.32      0.06      0.00     78.04
                all      0.06      0.00      1.69      0.00      0.00     98.25
                all      0.06      0.00      0.43      0.01      0.00     99.50
                all      0.06      0.00      0.19      0.00      0.00     99.75
                all      0.06      0.00      0.22      0.00      0.00     99.72
start----
                all      0.44      0.00     10.89      0.12      0.00     88.55
                all      0.37      0.00     19.58      0.01      0.00     80.04
end------
                all      0.01      0.00      0.06      0.00      0.00     99.93
                all      0.48      0.00      1.65      0.00      0.00     97.88
                all      0.46      0.00      1.68      0.21      0.00     97.65
                all      0.46      0.00      1.71      0.09      0.00     97.74
                all      0.46      0.00     19.12      0.10      0.00     80.32
                all      0.31      0.00     25.23      0.00      0.00     74.45
                all      0.07      0.00      3.29      0.03      0.00     96.61
                all      0.06      0.00      3.24      0.00      0.00     96.70
                all      0.04      0.00      3.35      0.01      0.00     96.59
                all      0.06      0.00      0.84      0.03      0.00     99.07
                all      0.06      0.00      0.22      0.00      0.00     99.72
                all      0.07      0.00      0.18      0.00      0.00     99.75
start----
                all      0.49      0.00      3.99      2.69      0.00     92.82
                all      1.18      0.00     12.12      3.83      0.00     82.87
                all     10.55      0.00     11.89      1.14      0.00     76.41
                all     14.70      0.00      7.69      1.73      0.00     75.88
                all     14.72      0.00      7.59      1.49      0.00     76.19
                all     12.76      0.00     11.38      1.04      0.00     74.83
                all      0.04      0.00     24.07      0.00      0.00     75.89
                all      0.65      0.00      7.60      0.00      0.00     91.75
end------
                all      0.24      0.00      0.95      0.00      0.00     98.81
                all      0.50      0.00      1.68      0.00      0.00     97.82
                all      0.49      0.00      1.68      0.01      0.00     97.82
                all      0.64      0.00      7.85      0.12      0.00     91.40
                all      0.18      0.00     24.26      0.00      0.00     75.56
                all      0.52      0.00     14.58      0.06      0.00     84.84
                all      0.06      0.00      3.13      0.01      0.00     96.80
                all      0.06      0.00      3.26      0.01      0.00     96.67
                all      0.06      0.00      2.51      0.38      0.00     97.05
                all      0.04      0.00      0.21      0.00      0.00     99.75
                all      0.07      0.00      0.18      0.00      0.00     99.75
                all      0.06      0.00      0.19      0.00      0.00     99.75
start----
                all      1.27      0.00     13.16      0.64      0.00     84.93
                all      9.13      0.00      9.40      1.02      0.00     80.46
                all     10.51      0.00      6.08      1.72      0.00     81.69
                all     10.47      0.00      6.00      1.76      0.00     81.77
                all     10.58      0.00      6.30      1.76      0.00     81.37
                all     10.55      0.00      6.15      1.89      0.00     81.42
                all     10.50      0.00      6.08      2.04      0.00     81.39
                all      5.38      0.00     16.76      0.46      0.00     77.39
                all      0.18      0.00     23.38      0.00      0.00     76.44
                all      0.07      0.00      0.22      0.01      0.00     99.69
end------
                all      0.46      0.00      1.42      0.00      0.00     98.11
                all      0.43      0.00      1.71      0.00      0.00     97.86
                all      0.46      0.00      1.68      0.01      0.00     97.85
                all      0.50      0.00     14.93      0.13      0.00     84.43
                all      0.18      0.00     24.89      0.00      0.00     74.93
                all      0.48      0.00      7.35      0.04      0.00     92.13
                all      0.07      0.00      3.07      0.01      0.00     96.84
                all      0.04      0.00      3.37      0.01      0.00     96.57
                all      0.04      0.00      1.74      0.31      0.00     97.91
                all      0.04      0.00      0.21      0.00      0.00     99.75
                all      0.06      0.00      0.19      0.00      0.00     99.75
start----
                all      0.50      0.00      5.46      0.21      0.00     93.83
                all      5.21      0.00     14.88      0.66      0.00     79.25
                all     11.67      0.00      8.19      0.77      0.00     79.37
                all     11.68      0.00      6.31      1.85      0.00     80.16
                all     11.60      0.00      6.47      1.67      0.00     80.26
                all     11.69      0.00      6.30      1.85      0.00     80.16
                all     12.29      0.00      7.19      1.69      0.00     78.84
                all     12.59      0.00      7.27      1.43      0.00     78.70
                all      0.07      0.00     23.89      0.00      0.00     76.04
                all      0.22      0.00     12.12      0.03      0.00     87.63
end------
                all      0.07      0.00      0.28      0.00      0.00     99.64
                all      0.49      0.00      1.71      0.00      0.00     97.80
                all      0.55      0.00      1.65      0.00      0.00     97.80
                all      0.43      0.00      1.72      0.00      0.00     97.85
                all      0.96      0.00     23.28      0.09      0.00     75.67
                all      0.06      0.00      0.56      0.00      0.00     99.38
                all      0.06      0.00      0.19      0.00      0.00     99.75
                all      0.06      0.00      0.18      0.00      0.00     99.76
start----
                all      1.14      0.00     22.60      0.09      0.00     76.18
                all      0.20      0.00      4.29      0.01      0.00     95.49
end------
                all      0.33      0.00      1.33      0.00      0.00     98.34
                all      0.47      0.00      1.74      0.00      0.00     97.79
                all      0.52      0.00      1.66      0.28      0.00     97.54
                all      1.14      0.00     23.32      0.12      0.00     75.42
                all      0.04      0.00      1.15      0.00      0.00     98.81
                all      0.07      0.00      0.21      0.00      0.00     99.72
                all      0.04      0.00      0.19      0.00      0.00     99.76
start----
                all      0.91      0.00      4.10      0.06      0.00     94.92
                all      0.32      0.00     22.73      0.00      0.00     76.95
end------
                all      0.18      0.00      0.62      0.00      0.00     99.20
                all      0.46      0.00      1.72      0.00      0.00     97.82
                all      0.43      0.00      1.74      0.28      0.00     97.55
                all      1.08      0.00      6.88      0.10      0.00     91.93
                all      0.22      0.00     18.51      0.01      0.00     81.26
                all      0.04      0.00      0.22      0.01      0.00     99.72
                all      0.06      0.00      0.19      0.00      0.00     99.75
                all      0.07      0.00      0.18      0.00      0.00     99.75
start----
                all      1.22      0.00     26.73      0.07      0.00     71.98
                all      0.01      0.00      0.07      0.00      0.00     99.91
end------
                all      0.46      0.00      1.63      0.00      0.00     97.91
                all      0.46      0.00      1.74      0.13      0.00     97.67
                all      0.52      0.00      1.74      0.15      0.00     97.60
                all      0.89      0.00     34.83      0.10      0.00     64.18
                all      0.24      0.00      9.27      0.01      0.00     90.48
                all      0.07      0.00      0.75      0.00      0.00     99.17
                all      0.07      0.00      0.19      0.00      0.00     99.73
                all      0.10      0.00      0.31      0.01      0.00     99.57
start----
                all      1.00      0.00     16.22      0.07      0.00     82.70
                all      0.25      0.00     33.90      0.03      0.00     65.82
end------
                all      0.09      0.00      0.22      0.00      0.00     99.69
                all      0.49      0.00      1.71      0.00      0.00     97.80
                all      0.47      0.00      1.74      0.27      0.00     97.52
                all      0.53      0.00      1.69      0.00      0.00     97.77
                all      0.89      0.00     40.44      0.09      0.00     58.59
                all      0.19      0.00      3.53      0.00      0.00     96.27
                all      0.06      0.00      0.57      0.00      0.00     99.37
                all      0.04      0.00      0.21      0.00      0.00     99.75
                all      0.06      0.00      0.19      0.00      0.00     99.75
start----
                all      1.67      0.00     21.49      0.19      0.00     76.64
                all      0.27      0.00     29.45      0.01      0.00     70.27
end------
                all      0.12      0.00      0.43      0.00      0.00     99.45
                all      0.52      0.00      1.69      0.00      0.00     97.79
                all      0.48      0.00      1.69      0.30      0.00     97.54
                all      0.52      0.00      2.00      0.07      0.00     97.40
                all      0.81      0.00     42.16      0.01      0.00     57.01
                all      0.06      0.00      1.69      0.01      0.00     98.23
                all      0.04      0.00      0.41      0.01      0.00     99.53
                all      0.06      0.00      0.22      0.00      0.00     99.72
                all      0.06      0.00      0.19      0.00      0.00     99.75
start----
                all      1.12      0.00     16.43      0.07      0.00     82.37
                all      0.26      0.00     33.69      0.00      0.00     66.04
end------
                all      0.04      0.00      0.25      0.00      0.00     99.70
                all      0.50      0.00      1.72      0.00      0.00     97.77
                all      0.49      0.00      1.74      0.30      0.00     97.48
                all      0.49      0.00      1.69      0.00      0.00     97.82
                all      0.80      0.00     41.69      0.07      0.00     57.44
                all      0.37      0.00     41.84      0.06      0.00     57.73
                all      0.03      0.00      3.17      0.00      0.00     96.80
                all      0.06      0.00      3.29      0.00      0.00     96.65
                all      0.06      0.00      3.32      0.03      0.00     96.59
                all      0.06      0.00      1.99      0.00      0.00     97.95
                all      0.07      0.00      0.28      0.00      0.00     99.65
                all      0.06      0.00      0.19      0.00      0.00     99.75
                all      0.06      0.00      0.18      0.00      0.00     99.76
start----
                all      1.00      0.00     14.45      1.74      0.00     82.81
                all     16.00      0.00     12.52      4.91      0.00     66.58
                all     17.92      0.00      9.26      7.12      0.00     65.70
                all     17.97      0.00      9.14      7.60      0.00     65.29
                all     18.08      0.00      9.02      6.29      0.00     66.61
                all     17.94      0.00      9.16      7.16      0.00     65.74
                all     18.09      0.00     10.67      6.21      0.00     65.04
                all     18.89      0.00     13.08      4.90      0.00     63.13
                all      6.73      0.00     36.56      1.31      0.00     55.40
                all      0.34      0.00     40.54      0.00      0.00     59.12
end------
                all      0.03      0.00      0.10      0.00      0.00     99.87
                all      0.49      0.00      1.69      0.00      0.00     97.82
                all      0.46      0.00      1.72      0.00      0.00     97.82
                all      0.49      0.00      1.69      0.00      0.00     97.82
                all      0.86      0.00     34.05      0.16      0.00     64.93
                all      0.16      0.00     48.61      0.01      0.00     51.21
                all      0.21      0.00      4.12      0.06      0.00     95.61
                all      0.10      0.00      3.14      0.01      0.00     96.74
                all      0.06      0.00      3.53      0.01      0.00     96.39
                all      0.06      0.00      2.40      0.03      0.00     97.51
                all      0.06      0.00      0.31      0.01      0.00     99.62
                all      0.07      0.00      0.18      0.00      0.00     99.75
                all      0.10      0.00      0.34      0.00      0.00     99.56
start----
                all      1.94      0.00     18.80      4.07      0.00     75.18
                all     18.14      0.00     10.80     12.56      0.00     58.50
                all     18.00      0.00      9.25     15.42      0.00     57.33
                all     18.03      0.00      9.26     14.30      0.00     58.41
                all     18.07      0.00      9.19     14.60      0.00     58.13
                all     18.23      0.00      9.07     13.61      0.00     59.09
                all     18.16      0.00     10.12     11.08      0.00     60.64
                all     19.66      0.00     13.37      6.64      0.00     60.34
                all      5.36      0.00     40.95      0.56      0.00     53.13
                all      0.29      0.00     34.38      0.00      0.00     65.32
end------
                all      0.06      0.00      0.22      0.00      0.00     99.72
                all      0.53      0.00      1.68      0.00      0.00     97.79
                all      0.43      0.00      1.77      0.30      0.00     97.51
                all      0.46      0.00      1.75      0.00      0.00     97.79
                all      0.94      0.00     40.22      0.09      0.00     58.75
                all      0.31      0.00     43.33      0.07      0.00     56.29
                all      0.06      0.00      3.02      0.01      0.00     96.90
                all      0.06      0.00      3.26      0.01      0.00     96.67
                all      0.06      0.00      3.16      0.24      0.00     96.54
                all      0.04      0.00      2.24      0.13      0.00     97.58
                all      0.06      0.00      0.41      0.00      0.00     99.53
                all      0.07      0.00      0.19      0.00      0.00     99.73
                all      0.03      0.00      0.22      0.00      0.00     99.75
start----
                all      1.00      0.00     16.99      3.41      0.00     78.61
                all     17.46      0.00     11.53     12.94      0.00     58.07
                all     18.10      0.00      9.13     14.46      0.00     58.31
                all     17.99      0.00      9.35     14.82      0.00     57.84
                all     17.82      0.00      9.53     11.30      0.00     61.35
                all     18.18      0.00      9.03     12.97      0.00     59.82
                all     18.04      0.00     10.01     12.01      0.00     59.94
                all     18.82      0.00     13.00      7.52      0.00     60.66
                all      5.21      0.00     39.50      1.36      0.00     53.92
                all      0.22      0.00     36.58      0.00      0.00     63.20
                all      0.07      0.00      0.19      0.01      0.00     99.72
end------
                all      0.43      0.00      1.49      0.00      0.00     98.07
                all      0.46      0.00      1.72      0.00      0.00     97.82
                all      0.46      0.00      1.74      0.00      0.00     97.80
                all      0.90      0.00     29.14      0.10      0.00     69.86
                all      0.12      0.00     48.44      0.03      0.00     51.42
                all      0.16      0.00     49.14      0.10      0.00     50.59
                all      0.10      0.00     21.74     27.20      0.00     50.96
                all      8.21      0.00      8.36     12.14      0.00     71.29
                all      0.06      0.00      3.12      0.01      0.00     96.81
                all      0.07      0.00      3.11      0.00      0.00     96.82
                all      0.04      0.00      3.36      0.01      0.00     96.58
                all      0.06      0.00      3.44      0.03      0.00     96.47
                all      0.06      0.00      3.50      0.00      0.00     96.44
                all      0.06      0.00      3.35      0.19      0.00     96.40
                all      0.07      0.00      1.96      0.22      0.00     97.75
                all      0.04      0.00      1.89      0.03      0.00     98.04
                all      0.07      0.00      1.91      0.01      0.00     98.00
start----
                all      1.05      0.00     17.09      2.41      0.00     79.46
                all     17.26      0.00     15.23      8.47      0.00     59.05
                all     19.68      0.00     13.75      8.32      0.00     58.26
                all     21.17      0.00     15.53      6.78      0.00     56.52
                all     21.47      0.00     20.36      4.10      0.00     54.07
                all      0.06      0.00     47.44      0.00      0.00     52.50
                all      0.06      0.00     47.47      0.00      0.00     52.47
                all      0.45      0.00     46.18      0.00      0.00     53.38
                all      0.15      0.00      0.38      0.01      0.00     99.46
end------
                all      0.33      0.00      1.09      0.00      0.00     98.59
                all      0.47      0.00      1.74      0.00      0.00     97.79
                all      0.49      0.00      1.74      0.01      0.00     97.76
                all      1.10      0.00     19.40      0.07      0.00     79.43
                all      0.16      0.00     48.10      0.03      0.00     51.71
                all      0.13      0.00     49.11      0.01      0.00     50.74
                all      0.13      0.00     31.47     17.50      0.00     50.90
                all      1.38      0.00      7.76     20.73      0.00     70.13
                all      0.04      0.00      3.17      0.01      0.00     96.77
                all      0.06      0.00      3.14      0.03      0.00     96.77
                all      0.04      0.00      3.55      0.00      0.00     96.40
                all      0.07      0.00      3.56      0.01      0.00     96.35
                all      0.07      0.00      3.51      0.00      0.00     96.42
                all      0.07      0.00      3.38      0.03      0.00     96.52
                all      0.04      0.00      1.41      0.01      0.00     98.53
                all      0.07      0.00      1.88      0.01      0.00     98.03
                all      0.06      0.00      1.95      0.00      0.00     97.99
start----
                all      1.11      0.00     12.85      2.57      0.00     83.47
                all     15.47      0.00     17.36      9.41      0.00     57.76
                all     20.62      0.00     13.65      9.19      0.00     56.54
                all     20.92      0.00     15.88      7.68      0.00     55.52
                all     24.19      0.00     15.40      5.29      0.00     55.12
                all      6.26      0.00     40.79      0.31      0.00     52.65
                all      0.06      0.00     47.47      0.00      0.00     52.47
                all      0.06      0.00     47.44      0.00      0.00     52.50
                all      0.47      0.00     15.62      0.00      0.00     83.91
end------
                all      0.30      0.00      0.80      0.00      0.00     98.90
                all      0.50      0.00      1.71      0.00      0.00     97.79
                all      0.52      0.00      1.69      0.28      0.00     97.51
                all      1.11      0.00     11.62      0.10      0.00     87.17
                all      0.15      0.00     47.81      0.00      0.00     52.04
                all      0.19      0.00     49.13      0.04      0.00     50.63
                all      0.16      0.00     37.09     12.09      0.00     50.66
                all      2.01      0.00      9.18     26.95      0.00     61.86
                all      0.04      0.00      3.10      0.01      0.00     96.84
                all      0.06      0.00      3.15      0.00      0.00     96.79
                all      0.07      0.00      3.21      0.01      0.00     96.70
                all      0.04      0.00      3.54      0.03      0.00     96.39
                all      0.06      0.00      3.55      0.09      0.00     96.30
                all      0.07      0.00      3.47      0.28      0.00     96.17
                all      0.06      0.00      2.19      0.15      0.00     97.61
                all      0.04      0.00      1.93      0.03      0.00     98.00
                all      0.07      0.00      1.88      0.01      0.00     98.03
start----
                all      1.05      0.00     15.65      4.34      0.00     78.95
                all     17.22      0.00     14.55      7.88      0.00     60.35
                all     19.58      0.00     12.97      8.48      0.00     58.97
                all     19.80      0.00     15.31      7.59      0.00     57.31
                all     22.81      0.00     15.27      4.08      0.00     57.84
                all     11.05      0.00     34.72      0.56      0.00     53.67
                all      0.04      0.00     47.45      0.00      0.00     52.51
                all      0.04      0.00     47.48      0.00      0.00     52.48
                all      0.46      0.00     25.54      0.00      0.00     74.00
end------
                all      0.06      0.00      0.22      0.00      0.00     99.72
                all      0.55      0.00      1.65      0.00      0.00     97.80
                all      0.59      0.00      1.66      0.01      0.00     97.73
                all      0.47      0.00      1.71      0.00      0.00     97.82
