
Linux 5.2.8org200301 (knl03.kisti.re.kr) 	2020년 03월 21일 	_x86_64_	(68 CPU)

                CPU     %user     %nice   %system   %iowait    %steal     %idle
                all      0.13      0.00      0.32      0.01      0.00     99.53
                all      0.10      0.00      0.24      0.59      0.00     99.07
                all      0.04      0.00      0.24      1.47      0.00     98.25
                all      0.04      0.00      0.25      1.47      0.00     98.23
                all      0.06      0.00      0.25      1.38      0.00     98.31
                all      0.04      0.00      0.44      1.02      0.00     98.49
                all      0.09      0.00      0.29      0.12      0.00     99.50
                all      0.12      0.00      0.31      0.04      0.00     99.53
                all      0.19      0.00      0.56      0.06      0.00     99.19
                all      0.04      0.00      0.25      0.00      0.00     99.70
                all      0.04      0.00      0.22      0.00      0.00     99.74
start----
                all      0.15      0.00      0.38      0.03      0.00     99.44
                all      0.24      0.00      1.03      0.04      0.00     98.69
end------
                all      0.33      0.00      1.33      0.00      0.00     98.34
                all      0.48      0.00      1.83      0.00      0.00     97.70
                all      0.45      0.00      1.87      0.30      0.00     97.39
                all      0.46      0.00      1.84      0.00      0.00     97.70
start----
                all      0.43      0.00      1.79      0.13      0.00     97.65
end------
                all      0.10      0.00      0.37      0.00      0.00     99.53
                all      0.45      0.00      1.86      0.00      0.00     97.70
                all      0.42      0.00      1.89      0.31      0.00     97.39
                all      0.45      0.00      1.81      0.00      0.00     97.74
                all      0.47      0.00      1.72      0.00      0.00     97.80
start----
                all      0.29      0.00      1.08      0.09      0.00     98.54
end------
                all      0.30      0.00      1.18      0.00      0.00     98.53
                all      0.45      0.00      1.86      0.00      0.00     97.70
                all      0.45      0.00      1.86      0.01      0.00     97.68
                all      0.45      0.00      1.83      0.00      0.00     97.73
start----
                all      0.40      0.00      1.73      0.09      0.00     97.78
                all      0.13      0.00      1.65      0.01      0.00     98.20
end------
                all      0.31      0.00      1.36      0.00      0.00     98.33
                all      0.46      0.00      1.83      0.00      0.00     97.71
                all      0.40      0.00      1.86      0.01      0.00     97.73
                all      0.43      0.00      1.86      0.00      0.00     97.71
start----
                all      0.47      0.00      3.01      0.06      0.00     96.46
end------
                all      0.04      0.00      0.13      0.00      0.00     99.82
                all      0.43      0.00      1.83      0.00      0.00     97.74
                all      0.43      0.00      1.83      0.30      0.00     97.45
                all      0.43      0.00      1.84      0.01      0.00     97.71
                all      0.43      0.00      1.83      0.00      0.00     97.74
start----
                all      0.31      0.00      2.43      0.10      0.00     97.16
end------
                all      0.21      0.00      0.73      0.00      0.00     99.06
                all      0.46      0.00      1.81      0.00      0.00     97.73
                all      0.43      0.00      1.90      0.33      0.00     97.34
                all      0.47      0.00      1.80      0.00      0.00     97.73
start----
                all      0.53      0.00      2.09      0.07      0.00     97.30
                all      0.19      0.00      6.18      0.01      0.00     93.62
end------
                all      0.19      0.00      0.70      0.00      0.00     99.11
                all      0.45      0.00      1.84      0.00      0.00     97.71
                all      0.49      0.00      1.78      0.00      0.00     97.73
                all      0.46      0.00      1.84      0.00      0.00     97.70
                all      0.33      0.00      1.50      0.01      0.00     98.16
start----
                all      0.35      0.00      6.94      0.12      0.00     92.59
end------
                all      0.04      0.00      0.28      0.00      0.00     99.67
                all      0.46      0.00      1.81      0.00      0.00     97.73
                all      0.43      0.00      1.87      0.00      0.00     97.70
                all      0.48      0.00      1.78      0.00      0.00     97.74
                all      0.46      0.00      1.84      0.00      0.00     97.70
start----
                all      0.34      0.00      6.52      0.10      0.00     93.03
                all      0.10      0.00      0.78      0.00      0.00     99.12
end------
                all      0.37      0.00      1.51      0.00      0.00     98.12
                all      0.49      0.00      1.75      0.00      0.00     97.76
                all      0.40      0.00      1.87      0.01      0.00     97.71
                all      0.43      0.00      1.87      0.00      0.00     97.70
start----
                all      0.34      0.00      3.67      0.10      0.00     95.89
                all      0.13      0.00     12.07      0.00      0.00     87.80
                all      0.28      0.00     10.87      0.00      0.00     88.85
end------
                all      0.01      0.00      0.09      0.01      0.00     99.88
                all      0.43      0.00      1.84      0.00      0.00     97.73
                all      0.45      0.00      1.84      0.00      0.00     97.71
                all      0.42      0.00      1.83      0.00      0.00     97.76
                all      0.49      0.00      1.80      0.00      0.00     97.71
start----
                all      0.37      0.00      7.61      0.12      0.00     91.90
                all      0.12      0.00     12.10      0.00      0.00     87.79
                all      0.22      0.00      6.66      0.01      0.00     93.10
end------
                all      0.06      0.00      0.27      0.00      0.00     99.67
                all      0.46      0.00      1.80      0.00      0.00     97.74
                all      0.43      0.00      1.86      0.01      0.00     97.70
                all      0.45      0.00      1.81      0.00      0.00     97.74
                all      0.43      0.00      1.81      0.00      0.00     97.76
start----
                all      0.24      0.00      6.99      0.09      0.00     92.69
                all      0.15      0.00     12.04      0.00      0.00     87.81
                all      0.19      0.00      7.10      0.01      0.00     92.69
end------
                all      0.04      0.00      0.18      0.00      0.00     99.78
                all      0.47      0.00      1.80      0.00      0.00     97.73
                all      0.42      0.00      1.84      0.00      0.00     97.74
                all      0.47      0.00      1.78      0.00      0.00     97.74
                all      0.47      0.00      1.78      0.00      0.00     97.74
start----
                all      0.54      0.00      2.68      0.10      0.00     96.67
end------
                all      0.13      0.00      0.55      0.00      0.00     99.32
                all      0.43      0.00      1.84      0.00      0.00     97.73
                all      0.45      0.00      1.81      0.01      0.00     97.73
                all      0.46      0.00      1.80      0.00      0.00     97.74
start----
                all      0.43      0.00      1.68      0.01      0.00     97.88
                all      0.50      0.00      2.46      0.12      0.00     96.92
end------
                all      0.27      0.00      1.25      0.00      0.00     98.48
                all      0.43      0.00      1.84      0.00      0.00     97.73
                all      0.45      0.00      1.84      0.00      0.00     97.71
                all      0.43      0.00      1.84      0.00      0.00     97.73
start----
                all      0.66      0.00      3.41      0.09      0.00     95.84
end------
                all      0.04      0.00      0.19      0.00      0.00     99.76
                all      0.42      0.00      1.83      0.00      0.00     97.76
                all      0.47      0.00      1.80      0.00      0.00     97.73
                all      0.40      0.00      1.91      0.00      0.00     97.69
                all      0.43      0.00      1.83      0.00      0.00     97.74
start----
                all      0.56      0.00      6.17      0.13      0.00     93.14
end------
                all      0.12      0.00      0.56      0.00      0.00     99.32
                all      0.45      0.00      1.81      0.00      0.00     97.74
                all      0.45      0.00      1.84      0.00      0.00     97.71
                all      0.45      0.00      1.80      0.00      0.00     97.76
                all      0.36      0.00      1.51      0.00      0.00     98.13
start----
                all      0.48      0.00      6.06      0.12      0.00     93.34
end------
                all      0.13      0.00      0.53      0.00      0.00     99.33
                all      0.42      0.00      1.88      0.00      0.00     97.70
                all      0.45      0.00      1.83      0.01      0.00     97.71
                all      0.43      0.00      1.84      0.00      0.00     97.73
start----
                all      0.43      0.00      2.11      0.06      0.00     97.41
                all      0.44      0.00      5.41      0.04      0.00     94.10
end------
                all      0.27      0.00      1.20      0.01      0.00     98.51
                all      0.43      0.00      1.84      0.00      0.00     97.73
                all      0.49      0.00      1.81      0.00      0.00     97.70
                all      0.42      0.00      1.83      0.00      0.00     97.76
start----
                all      0.59      0.00      7.01      0.06      0.00     92.34
                all      0.25      0.00     14.30      0.03      0.00     85.42
end------
                all      0.13      0.00      0.46      0.00      0.00     99.41
                all      0.45      0.00      1.81      0.00      0.00     97.74
                all      0.40      0.00      1.86      0.27      0.00     97.48
                all      0.47      0.00      1.78      0.00      0.00     97.74
start----
                all      0.44      0.00      1.68      0.01      0.00     97.86
                all      0.52      0.00     20.19      0.07      0.00     79.22
                all      0.06      0.00      0.16      0.01      0.00     99.77
end------
                all      0.45      0.00      1.64      0.00      0.00     97.91
                all      0.49      0.00      1.78      0.01      0.00     97.71
                all      0.40      0.00      1.86      0.00      0.00     97.74
                all      0.43      0.00      1.84      0.00      0.00     97.73
start----
                all      0.50      0.00      8.01      0.10      0.00     91.38
                all      0.22      0.00     12.86      0.01      0.00     86.90
end------
                all      0.16      0.00      0.56      0.00      0.00     99.27
                all      0.46      0.00      1.81      0.00      0.00     97.73
                all      0.46      0.00      1.78      0.00      0.00     97.76
                all      0.43      0.00      1.83      0.00      0.00     97.74
                all      0.37      0.00      1.47      0.00      0.00     98.16
start----
                all      0.47      0.00     17.78      0.10      0.00     81.64
                all      0.18      0.00     25.21      0.00      0.00     74.61
                all      0.47      0.00     23.91      0.12      0.00     75.49
                all      1.93      0.00     13.54      0.00      0.00     84.53
end------
                all      0.13      0.00      0.52      0.00      0.00     99.35
                all      0.46      0.00      1.80      0.00      0.00     97.74
                all      0.43      0.00      1.84      0.00      0.00     97.73
                all      0.40      0.00      1.84      0.00      0.00     97.76
                all      0.37      0.00      1.66      0.00      0.00     97.97
start----
                all      0.41      0.00     15.52      0.10      0.00     83.96
                all      0.18      0.00     25.05      0.00      0.00     74.77
                all      0.58      0.00     23.93      0.00      0.00     75.49
                all      0.41      0.00     15.79      0.03      0.00     83.77
end------
                all      0.07      0.00      0.33      0.00      0.00     99.60
                all      0.43      0.00      1.82      0.00      0.00     97.74
                all      0.43      0.00      1.88      0.27      0.00     97.42
                all      0.50      0.00      1.77      0.00      0.00     97.73
                all      0.45      0.00      1.75      0.01      0.00     97.79
start----
                all      0.50      0.00     19.41      0.09      0.00     80.00
                all      0.54      0.00     24.89      0.00      0.00     74.57
                all      0.07      0.00     24.14      0.00      0.00     75.78
                all      0.44      0.00     11.75      0.00      0.00     87.81
end------
                all      0.04      0.00      0.24      0.00      0.00     99.72
                all      0.49      0.00      1.77      0.00      0.00     97.74
                all      0.43      0.00      1.85      0.31      0.00     97.40
                all      0.46      0.00      1.81      0.00      0.00     97.73
                all      0.42      0.00      1.81      0.01      0.00     97.76
start----
                all      1.09      0.00      7.93      0.10      0.00     90.88
end------
                all      0.21      0.00      0.88      0.00      0.00     98.92
                all      0.46      0.00      1.82      0.00      0.00     97.72
                all      0.47      0.00      1.80      0.30      0.00     97.43
                all      0.45      0.00      1.83      0.00      0.00     97.73
start----
                all      1.05      0.00      5.26      0.13      0.00     93.55
                all      0.23      0.00      4.17      0.01      0.00     95.58
end------
                all      0.36      0.00      1.43      0.00      0.00     98.21
                all      0.47      0.00      1.81      0.00      0.00     97.71
                all      0.50      0.00      1.97      0.28      0.00     97.24
                all      0.49      0.00      1.78      0.00      0.00     97.73
start----
                all      1.25      0.00      8.73      0.13      0.00     89.88
end------
                all      0.31      0.00      0.21      0.13      0.00     99.35
                all      0.46      0.00      1.82      0.00      0.00     97.72
                all      0.45      0.00      1.86      0.00      0.00     97.70
                all      0.46      0.00      1.81      0.00      0.00     97.73
                all      0.40      0.00      1.87      0.00      0.00     97.73
start----
                all      0.96      0.00     21.92      0.10      0.00     77.01
                all      0.10      0.00      0.19      0.00      0.00     99.71
end------
                all      0.39      0.00      1.51      0.00      0.00     98.10
                all      0.43      0.00      1.84      0.00      0.00     97.73
                all      0.45      0.00      1.83      0.00      0.00     97.73
                all      0.49      0.00      1.83      0.01      0.00     97.67
start----
                all      1.33      0.00     23.13      0.10      0.00     75.44
                all      0.07      0.00      0.22      0.01      0.00     99.69
end------
                all      0.42      0.00      1.48      0.00      0.00     98.11
                all      0.46      0.00      1.81      0.00      0.00     97.73
                all      0.43      0.00      1.84      0.01      0.00     97.71
                all      0.45      0.00      1.82      0.00      0.00     97.73
start----
                all      1.17      0.00     22.32      0.10      0.00     76.41
                all      0.09      0.00      0.19      0.01      0.00     99.71
end------
                all      0.39      0.00      1.52      0.00      0.00     98.09
                all      0.45      0.00      1.85      0.00      0.00     97.70
                all      0.45      0.00      1.84      0.00      0.00     97.71
                all      0.43      0.00      1.84      0.00      0.00     97.73
start----
                all      0.98      0.00     23.36      0.07      0.00     75.59
                all      0.18      0.00     47.43      0.00      0.00     52.39
                all      0.22      0.00      7.73      0.03      0.00     92.02
end------
                all      0.30      0.00      1.23      0.00      0.00     98.47
                all      0.45      0.00      1.81      0.00      0.00     97.74
                all      0.47      0.00      1.78      0.30      0.00     97.45
                all      0.46      0.00      1.77      0.00      0.00     97.77
start----
                all      1.10      0.00     15.11      0.15      0.00     83.65
                all      0.25      0.00     47.35      0.00      0.00     52.40
                all      0.22      0.00     16.37      0.00      0.00     83.41
end------
                all      0.21      0.00      0.94      0.00      0.00     98.85
                all      0.45      0.00      1.80      0.00      0.00     97.76
                all      0.45      0.00      1.81      0.00      0.00     97.74
                all      0.43      0.00      1.82      0.00      0.00     97.75
start----
                all      0.33      0.00      1.26      0.03      0.00     98.39
                all      0.94      0.00     41.69      0.10      0.00     57.26
                all      0.35      0.00     35.91      0.00      0.00     63.74
end------
                all      0.04      0.00      0.16      0.00      0.00     99.79
                all      0.46      0.00      1.84      0.00      0.00     97.70
                all      0.46      0.00      1.81      0.27      0.00     97.46
                all      0.46      0.00      1.81      0.00      0.00     97.73
                all      0.45      0.00      1.81      0.00      0.00     97.74
start----
                all      0.89      0.00     33.42      0.09      0.00     65.61
                all      0.16      0.00     48.58      0.03      0.00     51.22
                all      0.18      0.00     49.17      0.03      0.00     50.63
                all      0.13      0.00     19.01     29.77      0.00     51.08
                all      1.65      0.00     38.98      7.34      0.00     52.03
                all      0.07      0.00     47.46      0.00      0.00     52.47
                all      0.06      0.00     47.48      0.00      0.00     52.46
                all      0.82      0.00     11.91      0.01      0.00     87.25
end------
                all      0.19      0.00      0.85      0.00      0.00     98.96
                all      0.42      0.00      1.85      0.00      0.00     97.73
                all      0.46      0.00      1.80      0.00      0.00     97.74
                all      0.50      0.00      1.74      0.00      0.00     97.76
                all      0.36      0.00      1.48      0.03      0.00     98.13
start----
                all      0.94      0.00     36.78      0.09      0.00     62.19
                all      0.15      0.00     48.84      0.04      0.00     50.97
                all      0.19      0.00     49.03      0.09      0.00     50.69
                all      0.12      0.00     15.90     32.97      0.00     51.01
                all      1.11      0.00     41.98      4.72      0.00     52.19
                all      0.07      0.00     47.45      0.00      0.00     52.48
                all      0.04      0.00     47.46      0.00      0.00     52.50
                all      0.98      0.00      8.01      0.01      0.00     91.00
end------
                all      0.25      0.00      0.92      0.01      0.00     98.81
                all      0.45      0.00      1.80      0.00      0.00     97.76
                all      0.49      0.00      1.77      0.00      0.00     97.74
                all      0.46      0.00      1.79      0.00      0.00     97.75
start----
                all      1.04      0.00      5.21      0.09      0.00     93.66
                all      0.15      0.00     47.58      0.00      0.00     52.27
                all      0.13      0.00     49.22      0.01      0.00     50.63
                all      0.15      0.00     42.35      6.69      0.00     50.81
                all      1.49      0.00     16.59     30.42      0.00     51.51
                all      0.06      0.00     47.65      0.00      0.00     52.29
                all      0.06      0.00     47.43      0.00      0.00     52.51
                all      0.91      0.00     41.12      0.00      0.00     57.97
end------
                all      0.03      0.00      0.07      0.00      0.00     99.90
                all      0.43      0.00      1.80      0.00      0.00     97.77
                all      0.46      0.00      1.80      0.00      0.00     97.74
                all      0.47      0.00      1.78      0.00      0.00     97.74
                all      0.49      0.00      1.81      0.00      0.00     97.70
start----
                all      2.80      0.00     28.10      0.24      0.00     68.86
                all      0.10      0.00      0.19      0.01      0.00     99.69
end------
                all      0.39      0.00      1.47      0.00      0.00     98.14
                all      0.45      0.00      1.83      0.00      0.00     97.73
                all      0.43      0.00      1.84      0.00      0.00     97.73
                all      0.49      0.00      1.78      0.00      0.00     97.73
start----
                all      2.74      0.00     19.84      0.53      0.00     76.89
                all      0.59      0.00      8.46      0.00      0.00     90.96
end------
                all      0.31      0.00      1.28      0.00      0.00     98.41
                all      0.46      0.00      1.81      0.00      0.00     97.73
                all      0.46      0.00      1.81      0.00      0.00     97.73
                all      0.43      0.00      1.84      0.00      0.00     97.73
start----
                all      2.76      0.00     28.64      0.27      0.00     68.34
                all      0.09      0.00      0.22      0.01      0.00     99.68
end------
                all      0.42      0.00      1.48      0.00      0.00     98.11
                all      0.47      0.00      1.80      0.00      0.00     97.73
                all      0.45      0.00      1.83      0.00      0.00     97.73
                all      0.45      0.00      1.81      0.00      0.00     97.74
start----
                all      2.09      0.00     18.76      0.19      0.00     78.95
                all      0.91      0.00     64.63      0.01      0.00     34.45
end------
                all      0.07      0.00      0.39      0.00      0.00     99.54
                all      0.47      0.00      1.78      0.00      0.00     97.75
                all      0.49      0.00      1.78      0.00      0.00     97.73
                all      0.47      0.00      1.77      0.00      0.00     97.76
                all      0.45      0.00      1.78      0.01      0.00     97.76
start----
                all      2.49      0.00     67.50      0.44      0.00     29.57
                all      0.34      0.00     15.51      0.01      0.00     84.14
end------
                all      0.33      0.00      1.30      0.00      0.00     98.38
                all      0.45      0.00      1.82      0.00      0.00     97.73
                all      0.47      0.00      1.77      0.01      0.00     97.74
                all      0.49      0.00      1.75      0.00      0.00     97.76
start----
                all      0.77      0.00      4.45      0.58      0.00     94.21
                all      2.62      0.00     79.63      0.06      0.00     17.68
end------
                all      0.01      0.00      0.09      0.00      0.00     99.90
                all      0.47      0.00      1.78      0.00      0.00     97.75
                all      0.49      0.00      1.97      0.01      0.00     97.52
                all      0.43      0.00      1.81      0.00      0.00     97.76
                all      0.45      0.00      1.83      0.00      0.00     97.73
start----
                all      2.07      0.00     31.52      0.18      0.00     66.24
                all      0.16      0.00     95.24      0.00      0.00      4.60
                all      0.47      0.00     94.73      0.04      0.00      4.76
                all      1.11      0.00     85.44      0.00      0.00     13.45
                all      0.09      0.00      0.23      0.03      0.00     99.65
end------
                all      0.31      0.00      1.25      0.00      0.00     98.44
                all      0.47      0.00      1.79      0.00      0.00     97.73
                all      0.46      0.00      1.80      0.30      0.00     97.45
                all      0.50      0.00      1.76      0.00      0.00     97.73
start----
                all      2.33      0.00     26.87      0.59      0.00     70.21
                all      0.16      0.00     95.09      0.00      0.00      4.75
                all      0.78      0.00     92.88      0.07      0.00      6.27
                all      2.63      0.00     91.45      0.00      0.00      5.92
                all      0.09      0.00      0.32      0.03      0.00     99.56
end------
                all      0.40      0.00      1.50      0.00      0.00     98.09
                all      0.49      0.00      1.77      0.00      0.00     97.75
                all      0.45      0.00      1.80      0.01      0.00     97.74
                all      0.47      0.00      1.79      0.00      0.00     97.73
start----
                all      2.31      0.00     38.05      0.15      0.00     59.49
                all      0.16      0.00     95.26      0.00      0.00      4.58
                all      1.55      0.00     93.64      0.24      0.00      4.58
                all      1.25      0.00     81.47      0.00      0.00     17.28
                all      0.09      0.00      0.22      0.03      0.00     99.66
end------
                all      0.37      0.00      1.35      0.00      0.00     98.28
                all      0.49      0.00      1.77      0.00      0.00     97.74
                all      0.46      0.00      1.81      0.31      0.00     97.42
                all      0.47      0.00      1.78      0.00      0.00     97.75
start----
                all      2.56      0.00     30.09      0.16      0.00     67.19
                all      0.15      0.00     95.17      0.00      0.00      4.68
                all      0.15      0.00     96.25      0.03      0.00      3.58
                all      0.18      0.00     96.26      0.10      0.00      3.46
                all      0.13      0.00     29.16     66.21      0.00      4.49
                all      0.10      0.00      8.26     86.42      0.00      5.22
                all      0.09      0.00      5.41     89.93      0.00      4.57
                all      0.09      0.00      4.39     90.62      0.00      4.90
                all      0.07      0.00      4.40     89.68      0.00      5.85
                all      0.10      0.00      4.26     89.81      0.00      5.83
                all      0.07      0.00      4.47     89.66      0.00      5.80
                all      0.09      0.00      4.15     90.59      0.00      5.17
                all      0.06      0.00      4.01     90.48      0.00      5.44
                all      0.07      0.00      4.07     89.96      0.00      5.89
                all      0.09      0.00      4.22     89.80      0.00      5.90
                all      0.06      0.00      4.32     89.72      0.00      5.90
                all      0.07      0.00      4.31     89.90      0.00      5.71
                all      0.09      0.00      4.37     89.68      0.00      5.87
                all      0.09      0.00      4.71     89.34      0.00      5.86
                all      0.07      0.00      4.67     90.15      0.00      5.11
                all     28.24      0.00     27.09     39.67      0.00      5.00
                all      0.07      0.00     94.70      0.07      0.00      5.15
                all      0.06      0.00     94.54      0.00      0.00      5.40
                all      0.06      0.00     94.53      0.00      0.00      5.42
                all      0.06      0.00     94.52      0.00      0.00      5.42
                all      0.07      0.00     94.59      0.00      0.00      5.34
                all      2.89      0.00     82.66      0.00      0.00     14.45
                all      0.04      0.00      0.13      0.00      0.00     99.82
end------
                all      0.46      0.00      1.65      0.00      0.00     97.88
                all      0.49      0.00      1.75      0.01      0.00     97.74
                all      0.53      0.00      1.87      0.01      0.00     97.58
                all      0.52      0.00      1.74      0.00      0.00     97.75
start----
                all      2.26      0.00     47.92      0.21      0.00     49.61
                all      0.12      0.00     95.50      0.00      0.00      4.39
                all      0.18      0.00     96.28      0.03      0.00      3.52
                all      0.10      0.00     25.16     70.10      0.00      4.64
                all      0.09      0.00      6.52     87.82      0.00      5.57
                all      0.08      0.00      5.72     89.65      0.00      4.55
                all      0.07      0.00      5.26     88.74      0.00      5.92
                all      0.09      0.00      5.13     88.85      0.00      5.94
                all      0.07      0.00      4.87     89.77      0.00      5.28
                all      0.09      0.00      4.77     89.25      0.00      5.88
                all      0.15      0.00      4.81     89.15      0.00      5.89
                all      0.07      0.00      4.63     89.39      0.00      5.90
                all      0.09      0.00      4.73     89.31      0.00      5.87
                all      0.07      0.00      4.84     89.23      0.00      5.86
                all      0.07      0.00      4.73     89.31      0.00      5.88
                all      0.07      0.00      4.62     89.74      0.00      5.56
                all      0.07      0.00      4.67     90.97      0.00      4.29
                all      0.10      0.00      4.58     89.79      0.00      5.52
                all      0.07      0.00      4.58     89.46      0.00      5.88
                all      0.07      0.00      4.60     89.42      0.00      5.90
                all     14.55      0.00      9.91     69.88      0.00      5.67
                all      6.45      0.00     87.74      0.15      0.00      5.66
                all      0.06      0.00     94.55      0.00      0.00      5.39
                all      0.06      0.00     94.54      0.00      0.00      5.40
                all      0.07      0.00     94.51      0.00      0.00      5.42
                all      0.07      0.00     94.55      0.00      0.00      5.37
                all      0.07      0.00     94.54      0.00      0.00      5.39
                all      2.91      0.00      8.11      0.01      0.00     88.96
end------
                all      0.39      0.00      1.21      0.00      0.00     98.41
                all      0.50      0.00      1.74      0.00      0.00     97.76
                all      0.49      0.00      1.78      0.28      0.00     97.45
                all      0.50      0.00      1.74      0.00      0.00     97.76
start----
                all      2.31      0.00     26.63      0.25      0.00     70.81
                all      0.12      0.00     95.10      0.00      0.00      4.78
                all      0.19      0.00     96.17      0.01      0.00      3.62
                all      0.13      0.00     50.33     45.55      0.00      3.99
                all      0.10      0.00      7.31     87.13      0.00      5.45
                all      0.09      0.00      6.34     87.64      0.00      5.93
                all      0.07      0.00      5.52     88.47      0.00      5.94
                all      0.09      0.00      5.15     88.85      0.00      5.91
                all      0.09      0.00      4.99     89.07      0.00      5.86
                all      0.07      0.00      4.90     90.07      0.00      4.96
                all      0.06      0.00      4.70     90.28      0.00      4.97
                all      0.07      0.00      4.87     89.18      0.00      5.88
                all      0.07      0.00      4.65     89.87      0.00      5.40
                all      0.10      0.00      4.67     89.70      0.00      5.52
                all      0.07      0.00      4.78     89.27      0.00      5.87
                all      0.07      0.00      4.79     89.27      0.00      5.87
                all      0.07      0.00      4.74     89.30      0.00      5.89
                all      0.07      0.00      4.61     89.44      0.00      5.87
                all      0.07      0.00      4.76     89.33      0.00      5.84
                all      0.09      0.00      4.68     89.43      0.00      5.80
                all      0.21      0.00      4.72     90.12      0.00      4.95
                all     33.47      0.00     54.91      6.87      0.00      4.75
                all      0.04      0.00     94.60      0.00      0.00      5.36
                all      0.06      0.00     94.58      0.00      0.00      5.36
                all      0.06      0.00     94.57      0.00      0.00      5.37
                all      0.07      0.00     94.50      0.00      0.00      5.43
                all      0.10      0.00     94.75      0.00      0.00      5.15
                all      1.69      0.00     52.71      0.01      0.00     45.59
end------
                all      0.13      0.00      0.40      0.00      0.00     99.47
                all      0.46      0.00      1.77      0.00      0.00     97.77
                all      0.50      0.00      1.72      0.00      0.00     97.77
                all      0.49      0.00      1.72      0.00      0.00     97.79
                all      0.49      0.00      1.75      0.25      0.00     97.51
End of data collecting unexpected
