
Linux 5.2.8200225+ (knl03.kisti.re.kr) 	2020년 04월 05일 	_x86_64_	(272 CPU)

                CPU     %user     %nice   %system   %iowait    %steal     %idle
                all      0.11      0.00      0.20      0.00      0.00     99.68
                all      0.02      0.00      0.10      0.15      0.00     99.73
                all      0.01      0.00      0.07      0.37      0.00     99.55
                all      0.02      0.00      0.07      0.36      0.00     99.55
                all      0.02      0.00      0.08      0.36      0.00     99.54
                all      0.02      0.00      0.14      0.25      0.00     99.59
                all      0.04      0.00      0.11      0.08      0.00     99.78
                all      0.04      0.00      0.12      0.00      0.00     99.84
                all      0.10      0.00      0.16      0.07      0.00     99.67
                all      0.02      0.00      0.24      0.01      0.00     99.74
                all      0.02      0.00      0.07      0.00      0.00     99.91
                all      0.02      0.00      0.07      0.00      0.00     99.91
start----
                all      0.07      0.00      0.30      0.03      0.00     99.61
                all      0.04      0.00      2.99      0.00      0.00     96.96
                all      0.05      0.00      0.92      0.00      0.00     99.03
                all      0.01      0.00      0.08      0.00      0.00     99.91
                all      0.01      0.00      0.07      0.00      0.00     99.91
                all      0.01      0.00      0.07      0.00      0.00     99.91
                all      0.08      0.00      0.60      0.01      0.00     99.31
                all      0.03      0.00      3.01      0.00      0.00     96.96
                all      0.04      0.00      0.48      0.00      0.00     99.48
end------
                all      0.08      0.00      0.37      0.00      0.00     99.55
                all      0.14      0.00      0.52      0.00      0.00     99.34
                all      0.11      0.00      0.46      0.00      0.00     99.43
start----
                all      0.12      0.00      1.17      0.02      0.00     98.69
                all      0.04      0.00      3.01      0.00      0.00     96.96
                all      0.04      0.00      0.12      0.00      0.00     99.84
end------
                all      0.07      0.00      0.37      0.00      0.00     99.55
                all      0.10      0.00      0.47      0.00      0.00     99.43
                all      0.11      0.00      0.47      0.00      0.00     99.41
start----
                all      0.12      0.00      1.33      0.02      0.00     98.52
                all      0.03      0.00      3.01      0.00      0.00     96.97
                all      0.04      0.00      3.00      0.00      0.00     96.97
                all      0.05      0.00      0.74      0.00      0.00     99.20
end------
                all      0.06      0.00      0.29      0.00      0.00     99.65
                all      0.10      0.00      0.46      0.00      0.00     99.43
                all      0.11      0.00      0.46      0.00      0.00     99.44
start----
                all      0.21      0.00      0.88      0.06      0.00     98.86
                all      0.04      0.00      3.01      0.00      0.00     96.96
                all      0.04      0.00      3.00      0.00      0.00     96.96
                all      0.06      0.00      1.24      0.01      0.00     98.69
end------
                all      0.04      0.00      0.22      0.00      0.00     99.74
                all      0.12      0.00      0.45      0.00      0.00     99.43
                all      0.11      0.00      0.47      0.07      0.00     99.35
start----
                all      0.12      0.00      0.48      0.03      0.00     99.37
                all      0.04      0.00      2.99      0.00      0.00     96.96
                all      0.04      0.00      3.00      0.00      0.00     96.96
                all      0.06      0.00      1.74      0.00      0.00     98.20
end------
                all      0.03      0.00      0.13      0.00      0.00     99.84
                all      0.11      0.00      0.48      0.00      0.00     99.41
                all      0.11      0.00      0.46      0.07      0.00     99.36
start----
                all      0.10      0.00      0.42      0.01      0.00     99.47
                all      0.09      0.00      2.66      0.01      0.00     97.24
                all      0.02      0.00      3.01      0.00      0.00     96.96
                all      0.03      0.00      3.56      0.00      0.00     96.42
                all      0.09      0.00      3.27      0.00      0.00     96.63
                all      0.02      0.00      3.02      0.00      0.00     96.96
                all      0.09      0.00      1.21      0.00      0.00     98.70
end------
                all      0.06      0.00      0.23      0.00      0.00     99.71
                all      0.10      0.00      0.48      0.00      0.00     99.42
                all      0.11      0.00      0.46      0.00      0.00     99.42
start----
                all      0.14      0.00      0.51      0.02      0.00     99.34
                all      0.03      0.00      3.01      0.00      0.00     96.96
                all      0.03      0.00      3.06      0.00      0.00     96.91
                all      0.03      0.00      3.57      0.00      0.00     96.40
                all      0.08      0.00      3.18      0.00      0.00     96.75
                all      0.02      0.00      3.01      0.00      0.00     96.97
                all      0.10      0.00      0.49      0.00      0.00     99.41
end------
                all      0.06      0.00      0.24      0.00      0.00     99.69
                all      0.12      0.00      0.46      0.00      0.00     99.42
                all      0.11      0.00      0.45      0.00      0.00     99.43
start----
                all      0.13      0.00      0.63      0.03      0.00     99.21
                all      0.03      0.00      3.01      0.00      0.00     96.96
                all      0.03      0.00      3.07      0.00      0.00     96.90
                all      0.03      0.00      3.57      0.00      0.00     96.40
                all      0.05      0.00      3.19      0.00      0.00     96.76
                all      0.01      0.00      3.02      0.00      0.00     96.96
                all      0.08      0.00      0.37      0.00      0.00     99.55
end------
                all      0.07      0.00      0.28      0.00      0.00     99.65
                all      0.13      0.00      0.46      0.00      0.00     99.42
                all      0.11      0.00      0.46      0.00      0.00     99.42
start----
                all      0.13      0.00      0.73      0.02      0.00     99.12
                all      0.03      0.00      3.02      0.00      0.00     96.95
                all      0.06      0.00      3.13      0.00      0.00     96.81
                all      0.03      0.00      3.59      0.00      0.00     96.38
                all      0.03      0.00      3.61      0.00      0.00     96.36
                all      0.03      0.00      3.56      0.00      0.00     96.41
                all      0.03      0.00      3.62      0.00      0.00     96.35
                all      0.03      0.00      2.39      1.18      0.00     96.40
                all      0.21      0.00      2.64      0.47      0.00     96.69
                all      0.01      0.00      3.01      0.00      0.00     96.98
                all      0.02      0.00      3.02      0.00      0.00     96.96
                all      0.20      0.00      2.68      0.00      0.00     97.12
end------
                all      0.01      0.00      0.05      0.00      0.00     99.94
                all      0.11      0.00      0.42      0.00      0.00     99.47
                all      0.11      0.00      0.46      0.00      0.00     99.43
                all      0.12      0.00      0.45      0.00      0.00     99.43
start----
                all      0.11      0.00      1.68      0.02      0.00     98.19
                all      0.03      0.00      3.00      0.00      0.00     96.97
                all      0.03      0.00      3.29      0.00      0.00     96.68
                all      0.03      0.00      3.60      0.00      0.00     96.37
                all      0.03      0.00      3.60      0.00      0.00     96.37
                all      0.03      0.00      3.63      0.00      0.00     96.34
                all      0.03      0.00      3.51      0.08      0.00     96.38
                all      0.42      0.00      1.73      1.35      0.00     96.50
                all      1.05      0.00      2.23      0.07      0.00     96.65
                all      0.01      0.00      3.02      0.00      0.00     96.97
                all      0.02      0.00      3.01      0.00      0.00     96.97
                all      0.03      0.00      3.01      0.00      0.00     96.96
                all      0.25      0.00      0.18      0.00      0.00     99.57
end------
                all      0.06      0.00      0.31      0.00      0.00     99.63
                all      0.12      0.00      0.46      0.00      0.00     99.42
                all      0.11      0.00      0.46      0.00      0.00     99.43
start----
                all      0.14      0.00      0.71      0.02      0.00     99.13
                all      0.03      0.00      3.00      0.00      0.00     96.97
                all      0.04      0.00      3.06      0.00      0.00     96.90
                all      0.03      0.00      3.59      0.00      0.00     96.38
                all      0.03      0.00      3.59      0.00      0.00     96.38
                all      0.04      0.00      3.56      0.00      0.00     96.39
                all      0.03      0.00      3.55      0.00      0.00     96.41
                all      0.28      0.00      2.99      0.25      0.00     96.47
                all      0.01      0.00      3.07      0.00      0.00     96.91
                all      0.01      0.00      3.01      0.00      0.00     96.97
                all      0.02      0.00      3.02      0.00      0.00     96.97
                all      0.13      0.00      1.79      0.00      0.00     98.08
end------
                all      0.03      0.00      0.13      0.00      0.00     99.84
                all      0.11      0.00      0.45      0.00      0.00     99.44
                all      0.11      0.00      0.46      0.07      0.00     99.36
start----
                all      0.10      0.00      0.42      0.00      0.00     99.48
                all      0.16      0.00      4.96      0.03      0.00     94.86
                all      0.05      0.00      2.41      0.00      0.00     97.53
end------
                all      0.05      0.00      0.20      0.00      0.00     99.75
                all      0.11      0.00      0.45      0.00      0.00     99.44
                all      0.12      0.00      0.45      0.07      0.00     99.35
start----
                all      0.11      0.00      0.58      0.02      0.00     99.29
                all      0.11      0.00      5.79      0.00      0.00     94.10
                all      0.04      0.00      1.19      0.00      0.00     98.76
end------
                all      0.08      0.00      0.35      0.00      0.00     99.57
                all      0.11      0.00      0.45      0.00      0.00     99.44
                all      0.12      0.00      0.46      0.00      0.00     99.42
start----
                all      0.16      0.00      1.70      0.02      0.00     98.11
                all      0.08      0.00      5.81      0.00      0.00     94.11
                all      0.02      0.00      0.06      0.00      0.00     99.92
end------
                all      0.12      0.00      0.47      0.00      0.00     99.41
                all      0.13      0.00      0.45      0.00      0.00     99.42
                all      0.11      0.00      0.46      0.00      0.00     99.42
start----
                all      0.15      0.00      2.89      0.03      0.00     96.93
                all      0.14      0.00      5.86      0.00      0.00     94.00
                all      0.07      0.00      5.57      0.00      0.00     94.36
                all      0.02      0.00      0.09      0.00      0.00     99.89
end------
                all      0.08      0.00      0.32      0.00      0.00     99.60
                all      0.12      0.00      0.46      0.00      0.00     99.42
                all      0.11      0.00      0.46      0.00      0.00     99.44
start----
                all      0.17      0.00      1.91      0.03      0.00     97.89
                all      0.03      0.00      5.96      0.00      0.00     94.02
                all      0.04      0.00      5.95      0.00      0.00     94.01
                all      0.07      0.00      0.64      0.00      0.00     99.30
end------
                all      0.08      0.00      0.34      0.00      0.00     99.58
                all      0.11      0.00      0.45      0.00      0.00     99.44
                all      0.11      0.00      0.46      0.07      0.00     99.35
start----
                all      0.18      0.00      2.14      0.01      0.00     97.66
                all      0.03      0.00      5.96      0.00      0.00     94.01
                all      0.04      0.00      5.94      0.00      0.00     94.01
                all      0.07      0.00      0.28      0.00      0.00     99.65
end------
                all      0.08      0.00      0.32      0.00      0.00     99.60
                all      0.11      0.00      0.45      0.00      0.00     99.44
                all      0.11      0.00      0.46      0.00      0.00     99.42
start----
                all      0.16      0.00      1.47      0.02      0.00     98.35
                all      0.04      0.00      5.95      0.00      0.00     94.01
                all      0.04      0.00      6.26      0.00      0.00     93.71
                all      0.20      0.00      6.23      0.00      0.00     93.57
                all      0.02      0.00      5.97      0.00      0.00     94.01
                all      0.25      0.00      3.25      0.00      0.00     96.50
end------
                all      0.03      0.00      0.14      0.00      0.00     99.83
                all      0.11      0.00      0.45      0.00      0.00     99.44
                all      0.12      0.00      0.45      0.07      0.00     99.35
start----
                all      0.10      0.00      0.41      0.00      0.00     99.48
                all      0.13      0.00      5.04      0.03      0.00     94.80
                all      0.04      0.00      6.05      0.00      0.00     93.91
                all      0.14      0.00      6.43      0.00      0.00     93.43
                all      0.02      0.00      6.02      0.00      0.00     93.96
                all      0.21      0.00      5.27      0.00      0.00     94.52
                all      0.02      0.00      0.07      0.00      0.00     99.91
end------
                all      0.09      0.00      0.38      0.00      0.00     99.54
                all      0.12      0.00      0.44      0.00      0.00     99.44
                all      0.12      0.00      0.45      0.00      0.00     99.43
start----
                all      0.16      0.00      2.12      0.03      0.00     97.70
                all      0.03      0.00      5.96      0.00      0.00     94.01
                all      0.04      0.00      6.32      0.00      0.00     93.64
                all      0.13      0.00      6.21      0.00      0.00     93.66
                all      0.01      0.00      5.97      0.00      0.00     94.01
                all      0.20      0.00      2.60      0.00      0.00     97.20
end------
                all      0.02      0.00      0.09      0.00      0.00     99.89
                all      0.13      0.00      0.44      0.00      0.00     99.43
                all      0.11      0.00      0.46      0.07      0.00     99.36
start----
                all      0.10      0.00      0.44      0.00      0.00     99.46
                all      0.15      0.00      4.67      0.01      0.00     95.17
                all      0.03      0.00      6.02      0.00      0.00     93.94
                all      0.03      0.00      6.55      0.00      0.00     93.43
                all      0.03      0.00      6.57      0.00      0.00     93.40
                all      0.04      0.00      6.57      0.00      0.00     93.39
                all      0.17      0.00      6.25      0.00      0.00     93.58
                all      0.02      0.00      6.02      0.00      0.00     93.95
                all      0.03      0.00      6.04      0.00      0.00     93.92
                all      0.01      0.00      5.97      0.00      0.00     94.01
                all      0.29      0.00      3.90      0.01      0.00     95.81
end------
                all      0.02      0.00      0.08      0.00      0.00     99.90
                all      0.11      0.00      0.46      0.00      0.00     99.43
                all      0.11      0.00      0.46      0.07      0.00     99.35
                all      0.12      0.00      0.45      0.00      0.00     99.42
start----
                all      0.12      0.00      4.25      0.02      0.00     95.60
                all      0.03      0.00      6.02      0.00      0.00     93.95
                all      0.03      0.00      6.51      0.00      0.00     93.45
                all      0.03      0.00      6.57      0.00      0.00     93.40
                all      0.03      0.00      6.51      0.00      0.00     93.46
                all      0.11      0.00      6.35      0.00      0.00     93.54
                all      0.01      0.00      6.01      0.00      0.00     93.98
                all      0.02      0.00      5.97      0.00      0.00     94.01
                all      0.01      0.00      5.97      0.00      0.00     94.02
                all      0.22      0.00      4.30      0.00      0.00     95.48
end------
                all      0.01      0.00      0.06      0.00      0.00     99.93
                all      0.11      0.00      0.45      0.00      0.00     99.44
                all      0.11      0.00      0.46      0.07      0.00     99.36
                all      0.11      0.00      0.45      0.00      0.00     99.44
start----
                all      0.13      0.00      4.15      0.03      0.00     95.70
                all      0.03      0.00      6.00      0.00      0.00     93.97
                all      0.03      0.00      6.46      0.00      0.00     93.51
                all      0.03      0.00      6.46      0.00      0.00     93.50
                all      0.04      0.00      6.52      0.00      0.00     93.44
                all      0.16      0.00      6.32      0.00      0.00     93.52
                all      0.01      0.00      6.02      0.00      0.00     93.97
                all      0.02      0.00      5.97      0.00      0.00     94.01
                all      0.01      0.00      5.97      0.00      0.00     94.02
                all      0.32      0.00      4.41      0.00      0.00     95.28
                all      0.02      0.00      0.07      0.00      0.00     99.92
end------
                all      0.10      0.00      0.39      0.00      0.00     99.52
                all      0.11      0.00      0.45      0.00      0.00     99.44
                all      0.12      0.00      0.45      0.00      0.00     99.43
start----
                all      0.31      0.00      4.95      0.03      0.00     94.71
                all      0.11      0.00      9.93      0.00      0.00     89.96
end------
                all      0.01      0.00      0.03      0.00      0.00     99.97
                all      0.11      0.00      0.46      0.00      0.00     99.44
                all      0.11      0.00      0.46      0.04      0.00     99.39
                all      0.11      0.00      0.45      0.03      0.00     99.41
start----
                all      0.26      0.00      6.82      0.03      0.00     92.90
                all      0.11      0.00      7.91      0.00      0.00     91.98
end------
                all      0.01      0.00      0.10      0.00      0.00     99.89
                all      0.11      0.00      0.45      0.00      0.00     99.44
                all      0.11      0.00      0.45      0.07      0.00     99.36
start----
                all      0.11      0.00      0.46      0.00      0.00     99.43
                all      0.24      0.00      8.57      0.03      0.00     91.17
                all      0.12      0.00      6.07      0.00      0.00     93.81
end------
                all      0.04      0.00      0.18      0.00      0.00     99.78
                all      0.11      0.00      0.46      0.00      0.00     99.44
                all      0.11      0.00      0.46      0.07      0.00     99.35
start----
                all      0.10      0.00      0.39      0.01      0.00     99.49
                all      0.27      0.00     10.57      0.01      0.00     89.14
                all      0.07      0.00     11.81      0.00      0.00     88.12
                all      0.08      0.00      6.03      0.00      0.00     93.89
end------
                all      0.01      0.00      0.09      0.00      0.00     99.90
                all      0.11      0.00      0.45      0.00      0.00     99.44
                all      0.11      0.00      0.45      0.00      0.00     99.43
                all      0.11      0.00      0.45      0.00      0.00     99.43
start----
                all      0.27      0.00      8.20      0.03      0.00     91.50
                all      0.16      0.00     11.80      0.00      0.00     88.04
                all      0.09      0.00      8.33      0.00      0.00     91.58
end------
                all      0.01      0.00      0.09      0.00      0.00     99.90
                all      0.12      0.00      0.45      0.00      0.00     99.43
                all      0.11      0.00      0.45      0.00      0.00     99.44
                all      0.12      0.00      0.45      0.00      0.00     99.42
start----
                all      0.26      0.00      8.13      0.03      0.00     91.58
                all      0.13      0.00     11.75      0.00      0.00     88.12
                all      0.09      0.00      8.38      0.01      0.00     91.52
end------
                all      0.01      0.00      0.09      0.00      0.00     99.90
                all      0.11      0.00      0.45      0.00      0.00     99.44
                all      0.12      0.00      0.45      0.00      0.00     99.44
                all      0.12      0.00      0.45      0.00      0.00     99.43
start----
                all      0.29      0.00      8.15      0.03      0.00     91.54
                all      0.03      0.00     11.90      0.00      0.00     88.07
                all      0.03      0.00     12.45      0.00      0.00     87.52
                all      0.24      0.00     11.70      0.00      0.00     88.06
                all      0.02      0.00     11.86      0.00      0.00     88.12
                all      0.15      0.00      0.59      0.00      0.00     99.26
end------
                all      0.07      0.00      0.27      0.00      0.00     99.65
                all      0.11      0.00      0.45      0.00      0.00     99.44
                all      0.12      0.00      0.44      0.00      0.00     99.44
start----
                all      0.31      0.00      2.27      0.04      0.00     97.38
                all      0.03      0.00     11.84      0.00      0.00     88.13
                all      0.04      0.00     12.16      0.00      0.00     87.81
                all      0.08      0.00     12.18      0.00      0.00     87.74
                all      0.02      0.00     11.87      0.00      0.00     88.11
                all      0.15      0.00      6.60      0.00      0.00     93.25
end------
                all      0.03      0.00      0.11      0.00      0.00     99.86
                all      0.13      0.00      0.44      0.00      0.00     99.44
                all      0.11      0.00      0.46      0.00      0.00     99.43
start----
                all      0.11      0.00      0.45      0.00      0.00     99.44
                all      0.26      0.00      8.46      0.02      0.00     91.26
                all      0.04      0.00     11.90      0.00      0.00     88.06
                all      0.04      0.00     12.44      0.00      0.00     87.52
                all      0.19      0.00     11.75      0.00      0.00     88.06
                all      0.05      0.00     11.83      0.00      0.00     88.12
                all      0.10      0.00      0.31      0.01      0.00     99.58
end------
                all      0.07      0.00      0.29      0.00      0.00     99.64
                all      0.12      0.00      0.45      0.00      0.00     99.44
                all      0.13      0.00      0.44      0.00      0.00     99.44
start----
                all      0.29      0.00      2.45      0.03      0.00     97.23
                all      0.04      0.00     11.85      0.00      0.00     88.11
                all      0.03      0.00     12.17      0.00      0.00     87.80
                all      0.03      0.00     12.43      0.00      0.00     87.54
                all      0.03      0.00     12.46      0.00      0.00     87.51
                all      0.03      0.00     12.45      0.00      0.00     87.51
                all      0.31      0.00     11.80      0.00      0.00     87.89
                all      0.02      0.00     11.86      0.00      0.00     88.12
                all      0.01      0.00     11.87      0.00      0.00     88.12
                all      0.02      0.00     11.86      0.00      0.00     88.12
                all      0.46      0.00      2.82      0.00      0.00     96.71
end------
                all      0.06      0.00      0.25      0.00      0.00     99.69
                all      0.13      0.00      0.44      0.00      0.00     99.44
                all      0.13      0.00      0.44      0.07      0.00     99.36
start----
                all      0.29      0.00      1.60      0.03      0.00     98.08
                all      0.03      0.00     11.84      0.00      0.00     88.12
                all      0.03      0.00     12.14      0.00      0.00     87.83
                all      0.03      0.00     12.44      0.00      0.00     87.53
                all      0.03      0.00     12.45      0.00      0.00     87.52
                all      0.05      0.00     12.53      0.00      0.00     87.42
                all      0.24      0.00     11.93      0.00      0.00     87.83
                all      0.01      0.00     11.87      0.00      0.00     88.12
                all      0.02      0.00     11.86      0.00      0.00     88.12
                all      0.01      0.00     11.86      0.00      0.00     88.12
                all      0.36      0.00      3.80      0.00      0.00     95.84
end------
                all      0.05      0.00      0.17      0.00      0.00     99.78
                all      0.12      0.00      0.44      0.00      0.00     99.44
                all      0.13      0.00      0.45      0.00      0.00     99.43
start----
                all      0.11      0.00      0.41      0.01      0.00     99.48
                all      0.26      0.00      9.75      0.02      0.00     89.97
                all      0.03      0.00     11.96      0.00      0.00     88.01
                all      0.04      0.00     12.41      0.00      0.00     87.55
                all      0.03      0.00     12.46      0.00      0.00     87.52
                all      0.04      0.00     12.42      0.00      0.00     87.54
                all      0.13      0.00     12.17      0.00      0.00     87.69
                all      0.02      0.00     11.91      0.00      0.00     88.07
                all      0.02      0.00     11.86      0.00      0.00     88.12
                all      0.01      0.00     11.86      0.00      0.00     88.13
                all      0.48      0.00      6.87      0.00      0.00     92.65
end------
                all      0.01      0.00      0.04      0.00      0.00     99.96
                all      0.12      0.00      0.44      0.00      0.00     99.44
                all      0.12      0.00      0.45      0.00      0.00     99.43
                all      0.11      0.00      0.45      0.00      0.00     99.44
start----
                all      0.62      0.00     12.69      0.06      0.00     86.63
                all      0.26      0.00     16.87      0.00      0.00     82.87
end------
                all      0.01      0.00      0.04      0.00      0.00     99.94
                all      0.12      0.00      0.45      0.00      0.00     99.44
                all      0.12      0.00      0.45      0.07      0.00     99.37
                all      0.12      0.00      0.45      0.00      0.00     99.43
start----
                all      0.72      0.00     14.22      0.04      0.00     85.02
                all      0.24      0.00     15.28      0.00      0.00     84.47
end------
                all      0.02      0.00      0.07      0.00      0.00     99.91
                all      0.11      0.00      0.46      0.00      0.00     99.43
                all      0.14      0.00      0.44      0.10      0.00     99.32
start----
                all      0.12      0.00      0.45      0.00      0.00     99.43
                all      0.60      0.00     15.74      0.12      0.00     83.54
                all      0.27      0.00     13.75      0.01      0.00     85.97
end------
                all      0.02      0.00      0.10      0.00      0.00     99.87
                all      0.12      0.00      0.45      0.00      0.00     99.43
                all      0.12      0.00      0.44      0.00      0.00     99.44
start----
                all      0.10      0.00      0.43      0.00      0.00     99.47
                all      0.62      0.00     17.03      0.09      0.00     82.26
                all      0.15      0.00     23.53      0.00      0.00     76.32
                all      0.14      0.00     15.89      0.00      0.00     83.98
end------
                all      0.02      0.00      0.08      0.00      0.00     99.90
                all      0.12      0.00      0.44      0.00      0.00     99.44
                all      0.13      0.00      0.44      0.00      0.00     99.44
                all      0.13      0.00      0.44      0.00      0.00     99.43
start----
                all      0.59      0.00     15.66      0.04      0.00     83.71
                all      0.15      0.00     23.49      0.00      0.00     76.35
                all      0.12      0.00     17.25      0.00      0.00     82.62
end------
                all      0.02      0.00      0.05      0.00      0.00     99.93
                all      0.11      0.00      0.42      0.00      0.00     99.47
                all      0.13      0.00      0.44      0.00      0.00     99.44
                all      0.13      0.00      0.44      0.00      0.00     99.42
start----
                all      0.65      0.00      9.52      0.08      0.00     89.75
                all      0.16      0.00     23.51      0.00      0.00     76.33
                all      0.13      0.00     23.46      0.00      0.00     76.42
                all      0.03      0.00      0.25      0.00      0.00     99.72
end------
                all      0.10      0.00      0.40      0.00      0.00     99.49
                all      0.13      0.00      0.44      0.00      0.00     99.43
                all      0.12      0.00      0.45      0.00      0.00     99.44
start----
                all      0.58      0.00      3.47      0.04      0.00     95.91
                all      0.03      0.00     23.64      0.00      0.00     76.33
                all      0.03      0.00     23.96      0.00      0.00     76.01
                all      0.60      0.00     23.41      0.00      0.00     75.99
                all      0.01      0.00     23.66      0.00      0.00     76.32
                all      0.28      0.00     13.98      0.00      0.00     85.73
end------
                all      0.03      0.00      0.11      0.00      0.00     99.86
                all      0.12      0.00      0.45      0.00      0.00     99.43
                all      0.12      0.00      0.45      0.00      0.00     99.43
start----
                all      0.12      0.00      0.41      0.00      0.00     99.47
                all      0.62      0.00     16.74      0.04      0.00     82.61
                all      0.03      0.00     23.71      0.00      0.00     76.25
                all      0.07      0.00     24.20      0.00      0.00     75.73
                all      0.16      0.00     23.54      0.01      0.00     76.29
                all      0.28      0.00     23.40      0.00      0.00     76.32
                all      0.03      0.00      0.47      0.00      0.00     99.50
end------
                all      0.07      0.00      0.25      0.00      0.00     99.67
                all      0.14      0.00      0.42      0.00      0.00     99.44
                all      0.13      0.00      0.44      0.07      0.00     99.35
start----
                all      0.65      0.00      3.02      0.04      0.00     96.29
                all      0.03      0.00     23.64      0.00      0.00     76.33
                all      0.04      0.00     23.94      0.00      0.00     76.02
                all      0.17      0.00     23.94      0.01      0.00     75.88
                all      0.02      0.00     23.65      0.00      0.00     76.33
                all      0.28      0.00     14.70      0.00      0.00     85.02
end------
                all      0.03      0.00      0.09      0.00      0.00     99.88
                all      0.11      0.00      0.45      0.00      0.00     99.44
                all      0.13      0.00      0.44      0.00      0.00     99.44
start----
                all      0.12      0.00      0.43      0.00      0.00     99.44
                all      0.67      0.00     16.43      0.07      0.00     82.82
                all      0.04      0.00     23.71      0.00      0.00     76.25
                all      0.05      0.00     24.16      0.00      0.00     75.79
                all      0.04      0.00     24.16      0.00      0.00     75.79
                all      0.07      0.00     24.16      0.01      0.00     75.76
                all      0.45      0.00     24.13      0.03      0.00     75.39
                all      0.08      0.00     23.81      0.00      0.00     76.11
                all      0.02      0.00     23.65      0.00      0.00     76.33
                all      0.02      0.00     23.66      0.00      0.00     76.32
                all      0.40      0.00     16.50      0.00      0.00     83.10
end------
                all      0.01      0.00      0.06      0.00      0.00     99.93
                all      0.13      0.00      0.44      0.00      0.00     99.43
                all      0.12      0.00      0.45      0.00      0.00     99.42
                all      0.14      0.00      0.44      0.00      0.00     99.42
start----
                all      0.63      0.00     14.26      0.08      0.00     85.03
                all      0.03      0.00     23.65      0.00      0.00     76.32
                all      0.03      0.00     24.19      0.00      0.00     75.78
                all      0.03      0.00     24.23      0.00      0.00     75.74
                all      0.03      0.00     24.22      0.00      0.00     75.75
                all      0.51      0.00     23.57      0.00      0.00     75.93
                all      0.02      0.00     23.70      0.00      0.00     76.28
                all      0.02      0.00     23.66      0.00      0.00     76.32
                all      0.02      0.00     23.66      0.00      0.00     76.32
                all      0.48      0.00     18.07      0.00      0.00     81.45
end------
                all      0.00      0.00      0.04      0.00      0.00     99.96
                all      0.13      0.00      0.42      0.00      0.00     99.45
                all      0.14      0.00      0.43      0.05      0.00     99.38
                all      0.13      0.00      0.44      0.02      0.00     99.41
start----
                all      0.61      0.00     12.34      0.10      0.00     86.94
                all      0.04      0.00     23.67      0.00      0.00     76.29
                all      0.04      0.00     24.10      0.00      0.00     75.86
                all      0.03      0.00     24.13      0.00      0.00     75.83
                all      0.04      0.00     24.13      0.00      0.00     75.83
                all      0.30      0.00     23.62      0.01      0.00     76.07
                all      0.02      0.00     23.68      0.02      0.00     76.28
                all      0.01      0.00     23.66      0.00      0.00     76.32
                all      0.02      0.00     23.65      0.00      0.00     76.33
                all      0.53      0.00     19.48      0.00      0.00     79.99
end------
                all      0.01      0.00      0.04      0.00      0.00     99.95
                all      0.13      0.00      0.42      0.00      0.00     99.46
                all      0.14      0.00      0.43      0.03      0.00     99.40
                all      0.13      0.00      0.44      0.04      0.00     99.39
start----
                all      2.15      0.00     15.29      0.06      0.00     82.50
                all      0.55      0.00     46.47      0.00      0.00     52.97
                all      0.53      0.00     10.37      0.00      0.00     89.10
end------
                all      0.07      0.00      0.23      0.00      0.00     99.70
                all      0.14      0.00      0.43      0.00      0.00     99.43
                all      0.13      0.00      0.44      0.07      0.00     99.37
start----
                all      0.31      0.00      3.88      0.09      0.00     95.71
                all      2.32      0.00     38.57      0.03      0.00     59.08
                all      0.55      0.00     29.43      0.00      0.00     70.02
end------
                all      0.01      0.00      0.06      0.00      0.00     99.93
                all      0.13      0.00      0.43      0.00      0.00     99.44
                all      0.14      0.00      0.44      0.07      0.00     99.35
                all      0.13      0.00      0.44      0.00      0.00     99.43
start----
                all      1.85      0.00     24.98      0.07      0.00     73.10
                all      1.05      0.00     45.09      0.00      0.00     53.86
                all      0.03      0.00      0.65      0.01      0.00     99.31
end------
                all      0.10      0.00      0.35      0.00      0.00     99.54
                all      0.13      0.00      0.44      0.00      0.00     99.43
                all      0.12      0.00      0.44      0.00      0.00     99.43
start----
                all      2.03      0.00      8.05      0.09      0.00     89.84
                all      0.38      0.00     46.15      0.00      0.00     53.50
                all      0.55      0.00     46.51      0.00      0.00     52.94
                all      0.49      0.00     31.53      0.00      0.00     67.98
                all      0.03      0.00      0.05      0.00      0.00     99.92
end------
                all      0.11      0.00      0.39      0.00      0.00     99.50
                all      0.14      0.00      0.43      0.00      0.00     99.43
                all      0.14      0.00      0.43      0.00      0.00     99.43
start----
